gen,disc
1.3678194284439087,0.823645830154419
1.2162644863128662,0.8269174098968506
1.2819918394088745,0.8133317232131958
1.4284435510635376,0.9252794981002808
1.5832611322402954,0.9316830039024353
1.4291924238204956,0.9353438019752502
1.3390886783599854,0.9026925563812256
1.1733508110046387,0.9257161021232605
1.1987332105636597,0.9382073879241943
1.2984580993652344,0.9711255431175232
1.424489974975586,0.9584411978721619
1.40640389919281,1.0705769062042236
1.2368173599243164,1.079124927520752
1.1904401779174805,1.0480060577392578
1.091031551361084,1.102944254875183
1.1666144132614136,1.0720508098602295
1.1840981245040894,1.1475272178649902
1.3134738206863403,1.0595381259918213
1.372368574142456,1.0993430614471436
1.250869870185852,1.1950348615646362
1.1728768348693848,1.1147854328155518
1.002286434173584,1.1357932090759277
0.9789484739303589,1.2129864692687988
1.1594374179840088,1.1626979112625122
1.3771451711654663,1.1239770650863647
1.400795578956604,1.2370041608810425
1.2362457513809204,1.1391072273254395
1.0631530284881592,1.2264431715011597
0.9197549223899841,1.325131893157959
1.0165647268295288,1.3703503608703613
1.115476131439209,1.2659227848052979
1.2055182456970215,1.2904666662216187
1.2565373182296753,1.2693947553634644
1.2605608701705933,1.3414440155029297
1.171757698059082,1.2483386993408203
1.0652189254760742,1.341235637664795
1.1174190044403076,1.235273838043213
1.125980257987976,1.294458270072937
1.117648959159851,1.2939167022705078
1.1106712818145752,1.3575572967529297
1.0727750062942505,1.4610159397125244
1.078938603401184,1.312385082244873
1.1442261934280396,1.418668270111084
1.147188425064087,1.4105172157287598
1.0798205137252808,1.4583220481872559
1.0338821411132812,1.480704426765442
1.0895109176635742,1.4537708759307861
1.1415271759033203,1.4872491359710693
1.063431739807129,1.336790680885315
0.9624916911125183,1.53302800655365
1.053203821182251,1.4605176448822021
1.0187759399414062,1.512847661972046
1.0140712261199951,1.4030410051345825
1.0708991289138794,1.5622737407684326
1.0539155006408691,1.4360105991363525
1.1586675643920898,1.4045823812484741
1.0515942573547363,1.4283883571624756
0.9862304925918579,1.3603534698486328
0.9637312889099121,1.4189722537994385
1.0925084352493286,1.3815252780914307
1.085702896118164,1.3629909753799438
1.1349798440933228,1.3488293886184692
1.0755181312561035,1.3438622951507568
1.0516451597213745,1.3055521249771118
0.9321578741073608,1.3253967761993408
1.1161974668502808,1.3219969272613525
1.1613175868988037,1.210456132888794
1.1737282276153564,1.245502233505249
1.1294020414352417,1.1491217613220215
1.1397509574890137,1.1144663095474243
1.0490044355392456,1.2049771547317505
1.2363502979278564,1.159001350402832
1.239393949508667,1.0518063306808472
1.275015950202942,0.9958834648132324
1.166368007659912,1.075359582901001
1.2613707780838013,0.9502716064453125
1.3708491325378418,1.0034902095794678
1.2593140602111816,0.9399323463439941
1.3025779724121094,0.9588862657546997
1.3035483360290527,0.8867142200469971
1.4498463869094849,0.8151347041130066
1.4206268787384033,0.7940151691436768
1.4750123023986816,0.7961651682853699
1.523083209991455,0.7582424879074097
1.513594627380371,0.7478815913200378
1.5272425413131714,0.7404900789260864
1.5472358465194702,0.7318912744522095
1.4247883558273315,0.7179229259490967
1.533562183380127,0.6742644309997559
1.664209246635437,0.7145055532455444
1.6634141206741333,0.6218471527099609
1.6191505193710327,0.6862044334411621
1.6091139316558838,0.6504610776901245
1.627282738685608,0.6323163509368896
1.528841257095337,0.6795395612716675
1.5884063243865967,0.7038350105285645
1.6594403982162476,0.690558910369873
1.6094257831573486,0.6526187658309937
1.6383047103881836,0.6498137712478638
1.6049273014068604,0.5895613431930542
1.5722686052322388,0.6527952551841736
1.6728030443191528,0.7793283462524414
1.7047063112258911,0.7165504693984985
1.5993070602416992,0.6601550579071045
1.535735011100769,0.7066889405250549
1.5655763149261475,0.7338919639587402
1.5620346069335938,0.727787971496582
1.5854390859603882,0.7284876704216003
1.6019023656845093,0.8313419818878174
1.5820093154907227,0.8092489838600159
1.5365790128707886,0.8038825988769531
1.3648591041564941,0.796830415725708
1.4289199113845825,0.8509458303451538
1.4392013549804688,0.8596982955932617
1.5428922176361084,0.8764697313308716
1.4474825859069824,0.9252233505249023
1.4547357559204102,0.9040822982788086
1.4006952047348022,0.9673087000846863
1.2203127145767212,1.0007625818252563
1.2334768772125244,0.930290937423706
1.300973653793335,0.9320880770683289
1.4310669898986816,0.9914141893386841
1.393602728843689,1.1141022443771362
1.4430360794067383,1.0668654441833496
1.0746452808380127,1.1164588928222656
0.9951831698417664,1.1132439374923706
1.0522178411483765,1.053702712059021
1.2694127559661865,1.0999690294265747
1.3456447124481201,1.1243975162506104
1.271482229232788,1.1375235319137573
1.2056372165679932,1.1407328844070435
1.0735020637512207,1.23271644115448
1.0367100238800049,1.152894139289856
1.0743120908737183,1.2035305500030518
0.9882951974868774,1.219247817993164
1.1148031949996948,1.1740450859069824
1.11531662940979,1.1837283372879028
1.1986079216003418,1.1391267776489258
1.0386344194412231,1.2612882852554321
0.9639326333999634,1.280775547027588
0.9240525364875793,1.2617061138153076
1.0412873029708862,1.1719028949737549
1.2054557800292969,1.217016577720642
1.3010121583938599,1.1428415775299072
1.0361124277114868,1.180248737335205
0.962035059928894,1.2075517177581787
1.0149775743484497,1.1743156909942627
1.0837104320526123,1.223475456237793
1.1929750442504883,1.1363418102264404
1.1488853693008423,1.1737931966781616
1.1730297803878784,1.1034480333328247
1.0999643802642822,1.2268507480621338
1.039711833000183,1.172778844833374
1.0130581855773926,1.1963813304901123
1.0672739744186401,1.1599162817001343
1.2046245336532593,1.1626601219177246
1.1802756786346436,1.1462680101394653
1.1984912157058716,1.1259263753890991
1.1080093383789062,1.1696960926055908
1.1753180027008057,1.1444048881530762
1.1225394010543823,1.1300873756408691
1.1195347309112549,1.0804951190948486
1.1451973915100098,1.1200165748596191
1.2094179391860962,1.1136019229888916
1.2170348167419434,1.1259727478027344
1.285518765449524,1.1433073282241821
1.180910587310791,1.1532855033874512
1.0040065050125122,1.2598570585250854
1.0863542556762695,1.0274262428283691
1.2048838138580322,1.1525039672851562
1.2477385997772217,1.177437424659729
1.2079592943191528,1.0865551233291626
1.1456478834152222,1.1328797340393066
1.1561721563339233,1.1720821857452393
1.1311120986938477,1.2028331756591797
1.0806493759155273,1.1491625308990479
1.14224374294281,1.0998724699020386
1.2347519397735596,1.1696979999542236
1.272719383239746,1.1060210466384888
1.1867958307266235,1.1138120889663696
1.0855433940887451,1.1267704963684082
1.1116431951522827,1.037865400314331
1.2395776510238647,1.118542194366455
1.224036693572998,1.193376064300537
1.2288687229156494,1.0278398990631104
1.2378723621368408,1.0487427711486816
1.2261121273040771,1.0586507320404053
1.1674047708511353,0.9785648584365845
1.2327030897140503,0.9798876047134399
1.3136008977890015,1.0195657014846802
1.3967527151107788,0.9952057600021362
1.3145506381988525,0.9941807985305786
1.1907525062561035,1.0090680122375488
1.0964045524597168,1.00168776512146
1.1746606826782227,1.0151937007904053
1.3266677856445312,1.0486226081848145
1.321260690689087,1.0110152959823608
1.3177499771118164,0.9704256653785706
1.2162503004074097,1.0462470054626465
1.1927765607833862,0.988846480846405
1.261041522026062,0.9643155336380005
1.2554551362991333,1.0193469524383545
1.2257157564163208,1.0466127395629883
1.3040965795516968,0.9063644409179688
1.3391207456588745,0.9488598108291626
1.3141974210739136,0.9771713018417358
1.2945455312728882,1.0320695638656616
1.2325971126556396,0.9587482213973999
1.2370685338974,0.8966746926307678
1.2616791725158691,1.0121841430664062
1.3227282762527466,0.9318058490753174
1.2025234699249268,1.0212337970733643
1.3002421855926514,0.9580178260803223
1.2324241399765015,0.9753354787826538
1.2999264001846313,0.9865239858627319
1.2774033546447754,0.9140569567680359
1.2809653282165527,0.9931427240371704
1.3297713994979858,0.9715448617935181
1.184248447418213,1.0564686059951782
1.2480828762054443,1.0584053993225098
1.19013249874115,0.984840452671051
1.1992497444152832,1.0302724838256836
1.1297342777252197,0.9986795783042908
1.2147992849349976,1.0260663032531738
1.2886070013046265,0.9122055768966675
1.2677080631256104,1.0269842147827148
1.2633030414581299,1.011885166168213
1.2846907377243042,0.9563252925872803
1.197342872619629,0.9880101680755615
1.1039665937423706,1.0004568099975586
1.1743346452713013,0.9428156018257141
1.2788729667663574,1.0295987129211426
1.3717559576034546,0.9975579977035522
1.2446953058242798,1.0171289443969727
1.166852593421936,1.036691665649414
