gen,disc
0.8822149038314819,1.2115325927734375
0.938053548336029,1.1636883020401
0.964614748954773,1.1412172317504883
0.9793508052825928,1.1732099056243896
1.0503532886505127,1.126577377319336
1.0013706684112549,1.1576640605926514
1.040704369544983,1.130962610244751
0.944654643535614,1.1989706754684448
0.9129933714866638,1.195565938949585
0.9523084163665771,1.156454086303711
1.0509850978851318,1.1313002109527588
1.0028527975082397,1.1836469173431396
0.9922857880592346,1.160597801208496
1.0277682542800903,1.1592578887939453
0.9998209476470947,1.1383113861083984
0.9401839375495911,1.1626677513122559
0.9993937611579895,1.1209626197814941
1.0849801301956177,1.1015022993087769
1.0715471506118774,1.157435417175293
0.9570330381393433,1.2424336671829224
0.9422562122344971,1.1337521076202393
0.9406408071517944,1.2040576934814453
0.952078104019165,1.1885899305343628
0.9833503365516663,1.182497262954712
0.9624587893486023,1.1950373649597168
0.963528037071228,1.2234375476837158
0.9658809900283813,1.2416630983352661
1.0009301900863647,1.1998584270477295
0.9228945374488831,1.2688555717468262
0.8730425834655762,1.2563252449035645
0.9004462361335754,1.230926752090454
0.941638708114624,1.2558484077453613
0.9898160696029663,1.2453210353851318
0.9044644236564636,1.2672053575515747
0.8814302682876587,1.276843786239624
0.8683096766471863,1.3413755893707275
0.800379753112793,1.3338837623596191
0.9050307869911194,1.2832660675048828
0.9964631795883179,1.3053948879241943
0.9131982922554016,1.3203849792480469
0.8296256065368652,1.3267905712127686
0.8208929896354675,1.3724446296691895
0.8429291844367981,1.3412697315216064
0.8588875532150269,1.333154559135437
0.8945847153663635,1.3127460479736328
0.8649986386299133,1.3339588642120361
0.9283363223075867,1.327172875404358
0.8730033040046692,1.3355900049209595
0.8123165965080261,1.3859238624572754
0.8316094875335693,1.3430249691009521
0.8873346447944641,1.379245400428772
0.913936972618103,1.3530447483062744
0.8220396637916565,1.3491847515106201
0.8297396302223206,1.3753886222839355
0.7867404222488403,1.3733227252960205
0.8400500416755676,1.4061150550842285
0.9003417491912842,1.3953242301940918
0.8779783844947815,1.3707196712493896
0.9047305583953857,1.362379789352417
0.8155552744865417,1.3174545764923096
0.8398791551589966,1.3433003425598145
0.8494529128074646,1.3478214740753174
0.9181069135665894,1.2945685386657715
0.9332722425460815,1.2651798725128174
0.8653746247291565,1.3100894689559937
0.9356212019920349,1.2821829319000244
0.8761771321296692,1.3690484762191772
0.853670597076416,1.2661502361297607
0.8726967573165894,1.262964129447937
0.8714315891265869,1.2445679903030396
0.9246124625205994,1.2913826704025269
0.881258487701416,1.2097620964050293
1.0120587348937988,1.2368230819702148
0.9256194829940796,1.2010434865951538
0.8985970616340637,1.2686104774475098
0.9015148878097534,1.2590875625610352
0.9033362865447998,1.3028857707977295
0.9196071028709412,1.2491931915283203
0.9044466614723206,1.2146527767181396
0.9218737483024597,1.175197958946228
0.9597490429878235,1.1774396896362305
0.9847691059112549,1.1861426830291748
1.0070290565490723,1.1807023286819458
0.9507610201835632,1.1637134552001953
0.8680457472801208,1.1487414836883545
0.8993693590164185,1.187781572341919
1.029625654220581,1.122314691543579
1.030659556388855,1.1426432132720947
1.0432907342910767,1.1724175214767456
0.9587949514389038,1.1396335363388062
0.9877368807792664,1.1103925704956055
0.8981126546859741,1.1282427310943604
1.0214110612869263,1.136725902557373
0.9586164951324463,1.2074320316314697
1.031670093536377,1.0743236541748047
0.924851655960083,1.1887681484222412
0.9491660594940186,1.1680595874786377
0.985480010509491,1.1101433038711548
0.9427549242973328,1.1484979391098022
0.9919867515563965,1.1242280006408691
0.9735968112945557,1.1507272720336914
1.0628407001495361,1.1232669353485107
0.976771354675293,1.1985149383544922
0.9346066117286682,1.1109706163406372
0.9298645853996277,1.1628332138061523
0.9459379315376282,1.1155579090118408
0.9873871803283691,1.1373913288116455
1.0720466375350952,1.1575744152069092
1.0667035579681396,1.0848383903503418
0.9710738062858582,1.1128509044647217
1.000569224357605,1.090962290763855
0.9471268653869629,1.1905906200408936
0.9442881345748901,1.17708158493042
1.0398290157318115,1.1311753988265991
1.0298168659210205,1.1617963314056396
1.0228235721588135,1.1462780237197876
0.9610457420349121,1.2115943431854248
0.9631826877593994,1.1630070209503174
0.9176029562950134,1.2010289430618286
0.9013853669166565,1.2516794204711914
1.0309494733810425,1.2392383813858032
1.044135570526123,1.2017240524291992
0.986990213394165,1.1774849891662598
0.8865440487861633,1.2403652667999268
0.9333733320236206,1.1329867839813232
0.9562813639640808,1.1788692474365234
1.0627994537353516,1.252852439880371
1.0137426853179932,1.3134765625
0.9831111431121826,1.22398841381073
0.8560122847557068,1.2758560180664062
0.8745954632759094,1.2452869415283203
0.8874471187591553,1.2609076499938965
0.992790937423706,1.242490291595459
1.034138798713684,1.259049654006958
0.9821425080299377,1.306300163269043
0.8497079610824585,1.2266921997070312
0.8381056189537048,1.2555537223815918
0.8730288147926331,1.2727510929107666
1.0088129043579102,1.2810630798339844
1.0381338596343994,1.2674920558929443
0.9700702428817749,1.2602837085723877
0.8349549770355225,1.289820671081543
0.8346648216247559,1.2647761106491089
0.9613807797431946,1.2073298692703247
0.9922890067100525,1.1849277019500732
1.0372551679611206,1.2560203075408936
0.9446336030960083,1.3232841491699219
0.8586710691452026,1.3037633895874023
0.781924307346344,1.3134417533874512
0.8203403353691101,1.3453338146209717
0.9060855507850647,1.283625602722168
0.9048185348510742,1.3154277801513672
0.9498005509376526,1.282355785369873
0.9371225237846375,1.3026012182235718
0.8611354827880859,1.2938660383224487
0.8309363126754761,1.3208242654800415
0.8193104863166809,1.3245658874511719
0.8720892667770386,1.2557225227355957
0.8944206237792969,1.2808616161346436
0.9024831056594849,1.3313000202178955
0.9140787720680237,1.2727344036102295
0.8251675367355347,1.2976305484771729
0.8446217775344849,1.2795333862304688
0.8248947262763977,1.3189501762390137
0.870720386505127,1.2873165607452393
0.8747082948684692,1.3095781803131104
0.8873856663703918,1.3027207851409912
0.8716415166854858,1.2840986251831055
0.9074141383171082,1.2502483129501343
0.8974601626396179,1.2618803977966309
0.8440320491790771,1.2514326572418213
0.8859579563140869,1.2587414979934692
0.9048949480056763,1.209723949432373
0.888250470161438,1.2374107837677002
0.9554659128189087,1.215961217880249
0.8942179083824158,1.2344183921813965
0.8415482044219971,1.2839419841766357
0.9280216693878174,1.1998653411865234
0.9158675074577332,1.2283334732055664
0.9481605291366577,1.2323830127716064
0.955520749092102,1.1943187713623047
0.94411301612854,1.1941907405853271
0.9554234743118286,1.2114911079406738
0.9441574215888977,1.2681719064712524
0.9429545402526855,1.191728115081787
0.9656469821929932,1.1623107194900513
0.9719958305358887,1.2398391962051392
1.004077672958374,1.2291359901428223
0.9426332712173462,1.1574907302856445
0.944482147693634,1.1983425617218018
0.9861688613891602,1.184865117073059
0.9912926554679871,1.1698120832443237
0.9518222808837891,1.20383620262146
0.9961767792701721,1.255929946899414
0.9673117399215698,1.2507059574127197
1.021239995956421,1.193840742111206
0.9627180099487305,1.1481218338012695
0.9368211627006531,1.2243359088897705
0.9983288645744324,1.2176501750946045
0.9322482347488403,1.1821072101593018
1.010145902633667,1.1981786489486694
0.9730038642883301,1.2620354890823364
1.023287057876587,1.2158911228179932
0.9056017398834229,1.2550488710403442
0.9268000721931458,1.2217944860458374
0.9400436282157898,1.208242654800415
0.9736659526824951,1.1818279027938843
1.008865475654602,1.2098309993743896
0.9840176105499268,1.2123606204986572
0.9579626321792603,1.2004079818725586
0.9554162621498108,1.231339454650879
0.9735533595085144,1.2033839225769043
0.926153302192688,1.2599828243255615
0.8877854347229004,1.2395708560943604
0.9291725158691406,1.2601077556610107
0.9824170470237732,1.255642056465149
0.9466971755027771,1.1972978115081787
0.9738842248916626,1.216830849647522
0.87774658203125,1.2462818622589111
0.9364834427833557,1.2066996097564697
0.89850914478302,1.2154717445373535
0.9673543572425842,1.2351634502410889
0.9120103716850281,1.2559683322906494
0.9506635665893555,1.1955475807189941
0.9011917114257812,1.2249400615692139
0.8469251990318298,1.2793042659759521
0.9437691569328308,1.2560020685195923
0.8739657402038574,1.27303147315979
0.9194784164428711,1.2717716693878174
0.9010857939720154,1.2688612937927246
0.8622056245803833,1.291395664215088
0.8134307861328125,1.2341480255126953
0.819891095161438,1.270254135131836
0.9217426776885986,1.2471232414245605
0.9482030272483826,1.1757807731628418
