gen,disc
1.112870454788208,1.0633387565612793
1.1135525703430176,0.9869050979614258
1.2934905290603638,0.9490126371383667
1.2724711894989014,0.9628076553344727
1.2635481357574463,0.969183087348938
1.2285910844802856,0.9785075783729553
1.1766817569732666,0.9305893778800964
1.2397044897079468,0.9709616899490356
1.2453621625900269,0.9344891905784607
1.2185707092285156,0.9820270538330078
1.2700177431106567,0.9244999885559082
1.285340428352356,0.9451241493225098
1.32711923122406,0.9732563495635986
1.3198151588439941,1.0287511348724365
1.1262472867965698,0.8834456205368042
1.0786447525024414,0.9985606670379639
1.3039331436157227,0.9076933860778809
1.3797074556350708,0.9960247278213501
1.4177390336990356,0.9239984750747681
1.3055179119110107,0.9731987714767456
1.187766432762146,0.9317155480384827
1.1561167240142822,0.9977596402168274
1.1734918355941772,0.9650801420211792
1.297021746635437,0.9477359056472778
1.500920295715332,0.999322235584259
1.4111459255218506,0.9830931425094604
1.246170163154602,0.907152533531189
1.1649630069732666,0.9355149865150452
1.1462277173995972,0.9243816137313843
1.397046446800232,0.8849997520446777
1.534683346748352,0.9260903596878052
1.4618124961853027,0.9173439741134644
1.2758281230926514,0.9726375341415405
1.2327516078948975,0.9387882947921753
1.2124385833740234,0.9506716728210449
1.2658026218414307,0.9289358258247375
1.350502848625183,0.9817498326301575
1.4962819814682007,0.9664483070373535
1.3890728950500488,0.9482738375663757
1.2031311988830566,0.9436795711517334
1.2025837898254395,0.9655768871307373
1.2319436073303223,0.9752129316329956
1.4111061096191406,1.0065064430236816
1.370390772819519,0.9857022762298584
1.3257877826690674,0.9319357872009277
1.1810458898544312,1.0233428478240967
1.2551987171173096,1.0074706077575684
1.2938475608825684,1.0035474300384521
1.3124059438705444,1.003822922706604
1.328902006149292,0.9543677568435669
1.2035080194473267,0.9949765801429749
1.270590901374817,1.0278608798980713
1.2963757514953613,0.9723726511001587
1.3475152254104614,1.042938232421875
1.1333339214324951,1.1094908714294434
1.170906901359558,1.0593624114990234
1.2488682270050049,1.020851731300354
1.3607306480407715,1.0646952390670776
1.1995337009429932,1.0951147079467773
1.1256096363067627,1.0719473361968994
1.2120641469955444,1.084814190864563
1.2437608242034912,1.1148231029510498
1.2384939193725586,1.088446855545044
1.1589360237121582,1.1452078819274902
1.1660261154174805,1.1599419116973877
1.1228275299072266,1.1805520057678223
1.1810803413391113,1.1620116233825684
1.11018967628479,1.1688287258148193
1.2134530544281006,1.1685545444488525
1.2028940916061401,1.1549745798110962
1.0354864597320557,1.239668846130371
1.0441545248031616,1.220276117324829
1.0314366817474365,1.2909867763519287
1.139058232307434,1.2771708965301514
1.1828845739364624,1.215744972229004
1.0946866273880005,1.2075344324111938
0.9311688542366028,1.293531894683838
1.0494896173477173,1.3486692905426025
1.014256238937378,1.3272755146026611
1.0661029815673828,1.2775852680206299
0.9263442158699036,1.3717256784439087
1.010318398475647,1.305996298789978
0.9683805108070374,1.3571423292160034
1.0077983140945435,1.2667107582092285
0.9873544573783875,1.271615982055664
0.9675136804580688,1.2951182126998901
0.9272695779800415,1.4339723587036133
0.8866409063339233,1.3074934482574463
0.9179832339286804,1.3208003044128418
1.0975165367126465,1.2885247468948364
1.0237337350845337,1.2932531833648682
0.9214166402816772,1.2729231119155884
0.9195486307144165,1.2669687271118164
0.9588984847068787,1.258676528930664
1.0320415496826172,1.2894749641418457
1.0086233615875244,1.214242935180664
1.0115878582000732,1.1932899951934814
1.0809152126312256,1.1190547943115234
1.0480692386627197,1.1673492193222046
1.0631855726242065,1.2300783395767212
1.0252403020858765,1.113980770111084
0.9992395043373108,1.1682579517364502
1.059994101524353,1.0711073875427246
1.1568659543991089,1.0847554206848145
1.160961627960205,1.033759355545044
1.2346680164337158,1.0000746250152588
1.2180256843566895,1.0415087938308716
1.1494252681732178,0.9741326570510864
1.0603060722351074,1.0367074012756348
1.1801564693450928,1.0037270784378052
1.2368427515029907,0.9851570129394531
1.271561861038208,0.9360525608062744
1.367085337638855,0.9065783619880676
1.2852016687393188,0.9789905548095703
1.2190520763397217,0.9192186594009399
1.2349824905395508,0.9250228404998779
1.357397198677063,0.9139971733093262
1.3700882196426392,0.9006041288375854
1.4340412616729736,0.8823367357254028
1.296250343322754,0.8314025402069092
1.348991870880127,0.8886761665344238
1.4305765628814697,0.8595121502876282
1.4036425352096558,0.861449122428894
1.463326096534729,0.8788940906524658
1.4485180377960205,0.8778228163719177
1.3670154809951782,0.874685525894165
1.298577070236206,0.9183070659637451
1.293845772743225,0.8352479934692383
1.3714302778244019,0.8925726413726807
1.5089589357376099,0.8642565011978149
1.5003818273544312,0.8011007308959961
1.513250708580017,0.8786338567733765
1.480836272239685,0.8582636713981628
1.3098117113113403,0.8564397096633911
1.2257277965545654,0.9117905497550964
1.342604398727417,0.8346999883651733
1.4980416297912598,0.7924955487251282
1.589141845703125,0.8600649833679199
1.5269114971160889,0.8305127620697021
1.504341721534729,0.8407044410705566
1.298937201499939,0.8408917188644409
1.399153709411621,0.85821932554245
1.4360458850860596,0.8578290939331055
1.5272482633590698,0.8326870203018188
1.4515856504440308,0.8589224815368652
1.532449722290039,0.8428987264633179
1.3983346223831177,0.8715023994445801
1.4104857444763184,0.8271189332008362
1.4239325523376465,0.8526696562767029
1.5298690795898438,0.8285723328590393
1.5774881839752197,0.7912577390670776
1.4084224700927734,0.8140076398849487
1.5988510847091675,0.8332640528678894
1.4197328090667725,0.833035945892334
1.3945444822311401,0.8532013893127441
1.4790599346160889,0.8641370534896851
1.3820829391479492,0.8791959285736084
1.525820255279541,0.8898292183876038
1.4899694919586182,0.9234582185745239
1.4642679691314697,0.8269835710525513
1.267589807510376,0.9709647297859192
1.3733417987823486,0.9876717329025269
1.4192396402359009,0.9128187894821167
1.4647859334945679,0.984689474105835
1.3763363361358643,0.9892552495002747
1.3395369052886963,0.9190524816513062
1.2888420820236206,0.9611954689025879
1.411712646484375,0.9391403198242188
1.3909714221954346,0.9424301981925964
1.3485822677612305,1.0446105003356934
1.3610671758651733,0.9773838520050049
1.1855647563934326,1.0686140060424805
1.2992985248565674,1.0032159090042114
1.2092186212539673,1.1063648462295532
1.1536290645599365,1.081824779510498
1.2284222841262817,1.093693733215332
1.143002986907959,1.0699143409729004
1.208666205406189,1.0923283100128174
1.1507455110549927,1.1675100326538086
1.1739132404327393,1.1060290336608887
1.1310185194015503,1.1306962966918945
1.0593515634536743,1.1768264770507812
1.0380001068115234,1.1311392784118652
1.0900875329971313,1.1727228164672852
1.06207275390625,1.1873111724853516
1.120129108428955,1.2094829082489014
1.111068606376648,1.324267864227295
1.031962275505066,1.2030693292617798
0.9915241003036499,1.22845458984375
0.9242355227470398,1.2662947177886963
0.9589672088623047,1.2487225532531738
1.009686827659607,1.317004919052124
1.1115944385528564,1.2602910995483398
1.126565933227539,1.2389414310455322
0.9968656301498413,1.237215280532837
0.8838170766830444,1.29035484790802
0.8900905251502991,1.2554492950439453
1.0626598596572876,1.2515819072723389
1.0137500762939453,1.3421578407287598
1.0698121786117554,1.3265888690948486
0.9366434812545776,1.246132731437683
0.9649491906166077,1.2472337484359741
0.8818207383155823,1.2156305313110352
1.0036104917526245,1.3195536136627197
1.0619137287139893,1.265103816986084
1.0522512197494507,1.2517755031585693
1.0878742933273315,1.2659482955932617
0.9264720678329468,1.3418912887573242
0.9764233231544495,1.2909886837005615
0.8961330652236938,1.3014075756072998
0.9839168787002563,1.3247796297073364
1.1040140390396118,1.2441987991333008
1.0390610694885254,1.3014863729476929
1.0411022901535034,1.2287242412567139
0.9601893424987793,1.3088040351867676
0.9612370729446411,1.292366862297058
0.9414832592010498,1.282989263534546
1.0318219661712646,1.2693064212799072
1.0876604318618774,1.2772117853164673
1.0146890878677368,1.2284133434295654
1.011736273765564,1.1903231143951416
1.0008682012557983,1.2751336097717285
0.9824710488319397,1.273266077041626
1.0516506433486938,1.2238285541534424
1.030637502670288,1.2608428001403809
0.96217942237854,1.3591901063919067
1.091869592666626,1.279536485671997
1.011643409729004,1.3281760215759277
0.9627133011817932,1.2600815296173096
0.9761624336242676,1.3404266834259033
1.0308917760849,1.1563093662261963
1.0699304342269897,1.2498505115509033
1.0477553606033325,1.2466645240783691
0.9889280200004578,1.3219268321990967
0.9976913928985596,1.2344105243682861
