gen,disc
0.9837929010391235,1.2610363960266113
1.0500941276550293,1.1644871234893799
1.1887059211730957,1.145172119140625
1.241998553276062,1.2113165855407715
1.175020694732666,1.1306365728378296
0.9782746434211731,1.1690125465393066
0.9109761118888855,1.1884963512420654
0.9570158123970032,1.196385383605957
1.1657313108444214,1.1128125190734863
1.308942437171936,1.0869131088256836
1.1935471296310425,1.1356700658798218
1.0299021005630493,1.1596630811691284
0.9951857328414917,1.0886220932006836
1.0407872200012207,1.132962942123413
1.1508662700653076,1.0562195777893066
1.2282681465148926,1.0377148389816284
1.3048605918884277,1.0230313539505005
1.2525744438171387,1.0245778560638428
1.1206785440444946,1.0755984783172607
1.1453810930252075,1.010241985321045
1.0400447845458984,1.0547161102294922
1.179436445236206,0.9433565139770508
1.3051426410675049,0.9948040246963501
1.291886568069458,1.0080655813217163
1.3231703042984009,0.9670218229293823
1.155169129371643,1.0041449069976807
1.0834304094314575,0.9526707530021667
1.1416268348693848,1.0555490255355835
1.2423813343048096,0.9625023603439331
1.4167503118515015,0.850785493850708
1.4484272003173828,1.007025957107544
1.3139573335647583,0.9317580461502075
1.1356016397476196,0.9358108043670654
1.1639950275421143,0.9462738037109375
1.1615527868270874,0.9508779048919678
1.3428431749343872,1.0257976055145264
1.3207855224609375,0.9772703051567078
1.4244407415390015,0.9191557765007019
1.3131771087646484,0.9198633432388306
1.2952029705047607,0.9430223703384399
1.2391350269317627,0.9177946448326111
1.2001925706863403,0.9618260264396667
1.3464549779891968,0.8862994909286499
1.3097379207611084,0.9680976867675781
1.3440581560134888,0.9347293972969055
1.2446359395980835,0.9703303575515747
1.2903746366500854,0.9631975889205933
1.2614822387695312,1.031538963317871
1.2652415037155151,0.9623522758483887
1.1312824487686157,0.9939890503883362
1.3251394033432007,0.9066882133483887
1.366651177406311,0.9873061776161194
1.4332047700881958,0.9383077621459961
1.2859641313552856,0.9634584784507751
1.2228796482086182,0.9897518157958984
1.2070332765579224,0.9839996099472046
1.1386432647705078,0.99079829454422
1.395696759223938,0.988277792930603
1.3237535953521729,0.9687795639038086
1.348760724067688,1.0276702642440796
1.252439022064209,0.9928579926490784
1.1629242897033691,0.9969879388809204
1.1416352987289429,1.0336055755615234
1.2253551483154297,1.0074291229248047
1.2094762325286865,1.0893495082855225
1.3261563777923584,1.0183377265930176
1.308079481124878,0.9534435868263245
1.1891939640045166,1.061445951461792
1.2237168550491333,1.0650273561477661
1.120934247970581,1.0299148559570312
1.1629365682601929,1.054060697555542
1.1854476928710938,1.0326653718948364
1.27203369140625,1.0276920795440674
1.2896084785461426,1.0699248313903809
1.207342505455017,0.9868874549865723
1.1000187397003174,1.0991332530975342
1.1630849838256836,1.1019656658172607
1.1636369228363037,1.0185129642486572
1.2539687156677246,1.0715663433074951
1.2232391834259033,1.1088606119155884
1.201452612876892,1.1452744007110596
1.0142101049423218,1.133633017539978
1.0310829877853394,1.154432773590088
1.1597552299499512,1.1121903657913208
1.0874063968658447,1.1751041412353516
1.1994493007659912,1.1227734088897705
1.2695324420928955,1.1290559768676758
1.0450143814086914,1.1467318534851074
1.0879693031311035,1.1843641996383667
1.1126117706298828,1.1298022270202637
1.0447863340377808,1.1640613079071045
1.0557047128677368,1.2135698795318604
1.160907506942749,1.1792488098144531
1.2020713090896606,1.1444228887557983
1.1728553771972656,1.129331350326538
1.0148518085479736,1.173743724822998
0.9957568645477295,1.174788475036621
1.0553438663482666,1.1486461162567139
1.132469892501831,1.1989758014678955
1.0795105695724487,1.213555097579956
1.1045002937316895,1.166395902633667
1.16086745262146,1.106771469116211
1.0441277027130127,1.2087786197662354
1.0267142057418823,1.1960883140563965
1.0823427438735962,1.1819976568222046
1.0763684511184692,1.203258752822876
0.9672306776046753,1.2735421657562256
1.0098233222961426,1.2021570205688477
1.077569603919983,1.2150959968566895
1.081457495689392,1.1862975358963013
1.0585074424743652,1.1690058708190918
1.0293737649917603,1.1453428268432617
1.021972894668579,1.2313480377197266
1.0065618753433228,1.2992016077041626
1.0541584491729736,1.2831263542175293
1.0807976722717285,1.1688475608825684
1.0442876815795898,1.2115287780761719
1.0682722330093384,1.1377687454223633
1.0133296251296997,1.1572099924087524
1.1044912338256836,1.1652714014053345
1.1223350763320923,1.2013988494873047
1.1870689392089844,1.2289295196533203
1.0694972276687622,1.1841108798980713
0.9785683155059814,1.1650667190551758
0.9662166833877563,1.2342925071716309
1.0286204814910889,1.2220044136047363
1.2101783752441406,1.1105759143829346
1.149275302886963,1.224796175956726
1.1254918575286865,1.1401002407073975
1.076149344444275,1.1726484298706055
0.943010687828064,1.2011709213256836
1.0146751403808594,1.156875729560852
1.1281208992004395,1.1543333530426025
1.2791540622711182,1.1132102012634277
1.0958034992218018,1.18406343460083
0.9776948094367981,1.1969726085662842
0.9522926807403564,1.2404613494873047
1.0450561046600342,1.1771022081375122
1.1715933084487915,1.082460641860962
1.2794971466064453,1.2586424350738525
1.1704919338226318,1.1843578815460205
0.9934397339820862,1.1710381507873535
0.8932982087135315,1.1830275058746338
0.9945108294487,1.1629939079284668
1.0794929265975952,1.1654438972473145
1.132637619972229,1.2823541164398193
1.277305006980896,1.2011263370513916
1.0989030599594116,1.253563404083252
0.9015414714813232,1.2438143491744995
0.8669435977935791,1.272197961807251
1.0217846632003784,1.2606768608093262
1.1280251741409302,1.189894676208496
1.1781513690948486,1.3333728313446045
1.1023814678192139,1.2822983264923096
0.9578767418861389,1.337995171546936
0.9026443958282471,1.3219579458236694
0.8872593641281128,1.227280616760254
0.9810353517532349,1.413092851638794
1.0789096355438232,1.3509926795959473
1.1086773872375488,1.3787555694580078
1.083630919456482,1.198608636856079
0.8470885753631592,1.4056733846664429
0.9169728755950928,1.2947349548339844
0.9103991985321045,1.3465955257415771
0.9882848262786865,1.2912654876708984
1.0215247869491577,1.3698251247406006
1.0766005516052246,1.2881970405578613
1.022674798965454,1.323655128479004
0.9342795610427856,1.27122163772583
0.8505805730819702,1.2966349124908447
1.0159060955047607,1.2701045274734497
1.1076958179473877,1.283086895942688
1.074406623840332,1.2838530540466309
1.082603931427002,1.2304153442382812
1.0032298564910889,1.2141005992889404
0.9116482734680176,1.2155311107635498
1.0556867122650146,1.1364167928695679
1.1816812753677368,1.1713542938232422
1.1961339712142944,1.0964972972869873
1.2021729946136475,1.072547435760498
1.0945868492126465,1.1461610794067383
1.0500538349151611,1.1109455823898315
1.1410568952560425,1.0514564514160156
1.1281657218933105,1.0316104888916016
1.2293353080749512,1.040331482887268
1.2516120672225952,0.9541957378387451
1.3393858671188354,0.9559534192085266
1.2248408794403076,0.922397792339325
1.2000794410705566,0.9277701377868652
1.1531585454940796,0.9220525026321411
1.2447179555892944,0.9667443037033081
1.2708659172058105,0.9054576754570007
1.4245505332946777,0.8844935894012451
1.3757977485656738,0.9458258152008057
1.3497498035430908,0.8081598281860352
1.1853619813919067,0.8503875732421875
1.277974247932434,0.837782621383667
1.3979225158691406,0.8771231770515442
1.5397298336029053,0.8315818309783936
1.4196670055389404,0.9070762991905212
1.3699744939804077,0.8101269602775574
1.3245742321014404,0.8948090672492981
1.242943286895752,0.8990463614463806
1.1953885555267334,0.8649137616157532
1.3224848508834839,0.8592569828033447
1.4632313251495361,0.8743337988853455
1.4446957111358643,0.9384427666664124
1.4791333675384521,0.8814486265182495
1.3131160736083984,0.9192641973495483
1.2396440505981445,0.9039516448974609
1.1969594955444336,0.9132747054100037
1.2352551221847534,0.9229273796081543
1.2800313234329224,0.9731746912002563
1.4063224792480469,0.9006329774856567
1.351281762123108,0.97246253490448
1.2878785133361816,1.0120742321014404
1.1678922176361084,1.1100788116455078
1.1107189655303955,1.0460742712020874
1.1016356945037842,1.057410478591919
1.1976330280303955,1.0141537189483643
1.24428129196167,1.0412073135375977
1.2512688636779785,1.139288306236267
1.2688651084899902,1.0799219608306885
1.1322758197784424,1.019958734512329
1.1637743711471558,1.0193567276000977
1.14219069480896,1.1113202571868896
1.0974786281585693,1.154504418373108
1.1088229417800903,1.1655418872833252
1.1589676141738892,1.0974342823028564
1.2056598663330078,1.1430690288543701
1.1912128925323486,1.150113582611084
1.067503571510315,1.1859025955200195
1.042070746421814,1.2066822052001953
1.0730353593826294,1.214350700378418
1.1255594491958618,1.267683506011963
