gen,disc
1.1762852668762207,1.011612057685852
1.2372210025787354,0.9763481616973877
1.2181614637374878,0.9522827863693237
1.2019269466400146,0.9461883306503296
1.0996172428131104,1.0041816234588623
1.0617773532867432,0.9291670322418213
1.1832427978515625,0.8830503225326538
1.3224469423294067,0.8723495006561279
1.4573354721069336,0.8472937941551208
1.358093500137329,0.8413090705871582
1.2143915891647339,0.8553810119628906
1.2059358358383179,0.9056270122528076
1.1700810194015503,0.894424319267273
1.2393560409545898,0.8580554723739624
1.302260160446167,0.9134118556976318
1.3394986391067505,0.860940158367157
1.3115739822387695,0.8438302278518677
1.2240537405014038,0.9630403518676758
1.2321908473968506,0.8405030965805054
1.167942762374878,0.9216946363449097
1.1934396028518677,0.9506148099899292
1.2195509672164917,0.9059685468673706
1.2009706497192383,0.9096046090126038
1.2320133447647095,0.9529815316200256
1.2734031677246094,0.9551395177841187
1.1311602592468262,1.0518800020217896
1.0976561307907104,0.952947199344635
1.054048776626587,1.055363416671753
1.0888159275054932,1.0204408168792725
1.145943522453308,1.0398576259613037
1.1355177164077759,1.111341953277588
1.0828981399536133,1.1360570192337036
0.9835215210914612,1.162165641784668
0.968467116355896,1.1699354648590088
0.8915808796882629,1.245439052581787
0.9660491943359375,1.183918833732605
0.9758145213127136,1.3095709085464478
1.0023432970046997,1.2153480052947998
0.9268795251846313,1.2662155628204346
0.9704228639602661,1.2947578430175781
0.932232141494751,1.3391644954681396
0.9525673985481262,1.3334875106811523
0.7483521103858948,1.3524401187896729
0.8283200860023499,1.3140950202941895
0.8103898763656616,1.4320305585861206
0.9268378615379333,1.3660591840744019
0.9437516927719116,1.4415640830993652
0.8300167918205261,1.3881193399429321
0.8039703369140625,1.3961575031280518
0.754695475101471,1.4397917985916138
0.7372167110443115,1.4028575420379639
0.8349664807319641,1.389054775238037
0.9157951474189758,1.3897156715393066
0.8835660219192505,1.3896394968032837
0.8525375127792358,1.4175794124603271
0.8255301713943481,1.3823871612548828
0.7908318638801575,1.3961708545684814
0.8085904717445374,1.4158318042755127
0.8529694080352783,1.3155574798583984
0.8990799188613892,1.341380000114441
0.9438614249229431,1.3426947593688965
0.9192287921905518,1.3101274967193604
0.8551560044288635,1.344409704208374
0.835383415222168,1.3040060997009277
0.8278168439865112,1.3437955379486084
0.8970091938972473,1.335130214691162
0.9112151265144348,1.3082034587860107
0.8621100783348083,1.3553307056427002
0.9145899415016174,1.2603471279144287
0.9324966073036194,1.2603360414505005
0.9403371810913086,1.2040016651153564
0.920623779296875,1.2071335315704346
0.9043134450912476,1.257185459136963
0.9126903414726257,1.2364838123321533
0.999150812625885,1.2027454376220703
1.0368279218673706,1.199815273284912
1.0002882480621338,1.2023369073867798
0.9688997864723206,1.1879041194915771
0.9123059511184692,1.1974241733551025
0.9028381705284119,1.2060623168945312
1.0001050233840942,1.1835100650787354
0.9803054928779602,1.2045890092849731
1.002152442932129,1.1572084426879883
1.0374081134796143,1.1646437644958496
1.0084015130996704,1.1892313957214355
1.0112265348434448,1.157397985458374
1.008700966835022,1.1027729511260986
0.9577209949493408,1.1594078540802002
0.9836012125015259,1.2400712966918945
1.0470548868179321,1.1185379028320312
1.0173088312149048,1.1749030351638794
1.0386309623718262,1.162790298461914
1.065839171409607,1.1282362937927246
1.004747986793518,1.1704915761947632
1.03706955909729,1.1410961151123047
1.0435558557510376,1.1309765577316284
1.0451360940933228,1.1018016338348389
1.0187400579452515,1.095657229423523
0.9701581001281738,1.1988615989685059
1.0563266277313232,1.1120729446411133
1.0453640222549438,1.2268259525299072
1.0338388681411743,1.1716663837432861
0.9913609027862549,1.2103936672210693
0.9645624756813049,1.173051357269287
0.9015142321586609,1.2309157848358154
0.9949592351913452,1.170335054397583
1.090878963470459,1.2172975540161133
1.0329538583755493,1.2649009227752686
1.0482444763183594,1.179929256439209
0.9939966201782227,1.2413408756256104
0.9264411330223083,1.2774767875671387
0.9412226676940918,1.231899380683899
0.9051979780197144,1.1842994689941406
0.9088695049285889,1.2439496517181396
1.0631040334701538,1.1815263032913208
1.0481382608413696,1.1963307857513428
0.9805251359939575,1.2433104515075684
0.95880126953125,1.2330973148345947
0.9455117583274841,1.2326488494873047
0.8900553584098816,1.1988786458969116
0.9108219146728516,1.2084643840789795
0.946707010269165,1.2180252075195312
1.0346013307571411,1.2065174579620361
1.0741560459136963,1.1594456434249878
1.0074914693832397,1.208320140838623
0.9433097243309021,1.2702059745788574
0.9115370512008667,1.1775479316711426
0.9234097003936768,1.1668407917022705
0.9674279689788818,1.1660174131393433
1.0392041206359863,1.1332905292510986
1.0855987071990967,1.1706814765930176
1.0440834760665894,1.0992770195007324
0.9909715056419373,1.0946639776229858
1.034043788909912,1.0597496032714844
1.0536123514175415,1.0359188318252563
1.0832144021987915,1.0674612522125244
1.1114215850830078,1.0267174243927002
1.120825171470642,1.041841745376587
1.1553924083709717,0.9869237542152405
1.1062343120574951,0.9842748641967773
1.043856143951416,0.9901610016822815
1.1437032222747803,0.946740984916687
1.121821641921997,0.9532430768013
1.1943795680999756,0.9055549502372742
1.192357063293457,0.9378749132156372
1.2422006130218506,0.929929256439209
1.1480549573898315,0.9020305275917053
1.1707123517990112,0.9058495759963989
1.1749457120895386,0.899369478225708
1.179874062538147,0.92580246925354
1.23265540599823,0.8965076208114624
1.2632659673690796,0.8678317070007324
1.2351737022399902,0.8508808612823486
1.3009052276611328,0.8738318681716919
1.2567064762115479,0.9145671129226685
1.26210355758667,0.8703374862670898
1.2722430229187012,0.8544434905052185
1.2139633893966675,0.9068117737770081
1.2287198305130005,0.9001798629760742
1.2266342639923096,0.9303978085517883
1.2399649620056152,0.909844160079956
1.2012330293655396,0.9144814610481262
1.2115741968154907,0.9880692958831787
1.2536845207214355,0.953424870967865
1.2127381563186646,0.933708667755127
1.1462384462356567,0.9540193676948547
1.2430968284606934,1.0536092519760132
1.0955791473388672,1.0413846969604492
1.0502569675445557,1.0435177087783813
1.0805881023406982,1.124769926071167
1.1534180641174316,1.1075506210327148
1.1101001501083374,1.105167031288147
1.0574308633804321,1.1610091924667358
1.0260735750198364,1.135855793952942
0.9841477870941162,1.2411115169525146
0.979576587677002,1.2473106384277344
0.9692903161048889,1.2603763341903687
0.9422799348831177,1.2674728631973267
0.9726963043212891,1.264920949935913
0.8638991117477417,1.3319604396820068
0.8900251388549805,1.3095247745513916
0.9101811647415161,1.3328733444213867
0.8473482131958008,1.4022645950317383
0.8682287931442261,1.4162778854370117
0.829340398311615,1.3898149728775024
0.8528608083724976,1.38778555393219
0.8375568389892578,1.5228500366210938
0.7615866661071777,1.5578529834747314
0.7488394975662231,1.4952797889709473
0.6900971531867981,1.5790681838989258
0.7171709537506104,1.4948123693466187
0.7140451669692993,1.5567822456359863
0.7631917595863342,1.5900225639343262
0.822898268699646,1.5153290033340454
0.8032273054122925,1.5393190383911133
0.7563163042068481,1.5103273391723633
0.6941930055618286,1.5967015027999878
0.6665512323379517,1.522843599319458
0.7102605104446411,1.5292048454284668
0.744370698928833,1.5244591236114502
0.7823502421379089,1.4217796325683594
0.7557210326194763,1.495563268661499
0.8082566261291504,1.4773590564727783
0.7857815623283386,1.3993282318115234
0.7574427723884583,1.3878443241119385
0.7746931314468384,1.3763434886932373
0.7764242887496948,1.3712940216064453
0.8353241086006165,1.356052279472351
0.883147120475769,1.2733545303344727
0.8746254444122314,1.2955198287963867
0.8348789215087891,1.3052752017974854
0.8331168293952942,1.2435626983642578
0.8533076047897339,1.2315641641616821
0.9211116433143616,1.1510932445526123
0.9543123245239258,1.218309760093689
0.9885756969451904,1.19999361038208
0.9811806678771973,1.1707251071929932
0.9618450999259949,1.1548335552215576
0.9194934964179993,1.1583638191223145
0.9225563406944275,1.0922932624816895
1.0179381370544434,1.1137099266052246
1.006020426750183,1.088794231414795
1.0184590816497803,1.1574459075927734
1.06830894947052,1.1018247604370117
1.0149677991867065,1.083357572555542
0.9820248484611511,1.087000846862793
0.9926528930664062,1.100619912147522
0.9591278433799744,1.197932243347168
1.003424882888794,1.1146433353424072
1.029887080192566,1.0738813877105713
1.0567429065704346,1.1608569622039795
1.0444927215576172,1.1578985452651978
1.020869493484497,1.1486620903015137
1.0271410942077637,1.15419340133667
1.0685136318206787,1.1567457914352417
