gen,disc
1.41257643699646,0.6564322710037231
1.4179719686508179,0.6702389121055603
1.39158296585083,0.7194648385047913
1.3607906103134155,0.7661343812942505
1.3275146484375,0.7795328497886658
1.2364861965179443,0.7869434356689453
1.193920612335205,0.8714085817337036
1.1369035243988037,0.8679832220077515
1.1308480501174927,0.9095784425735474
1.066668152809143,0.9251052737236023
1.0815021991729736,0.9421223998069763
1.0829464197158813,0.951873779296875
1.1020047664642334,1.0149424076080322
1.0903207063674927,1.000955581665039
1.0687236785888672,0.9985372424125671
1.0658795833587646,1.0013558864593506
1.0324102640151978,1.0048949718475342
1.009289026260376,1.033219337463379
0.9555144906044006,1.095820426940918
1.033975601196289,1.0323119163513184
0.9425804615020752,1.074392318725586
0.9748915433883667,1.0265471935272217
0.9268903136253357,1.0831851959228516
0.9421941637992859,1.0518499612808228
0.9807665348052979,1.055245280265808
0.9891552925109863,1.0731260776519775
1.0092543363571167,1.0490137338638306
1.0278432369232178,0.9719494581222534
1.013471245765686,1.0275230407714844
1.0504324436187744,0.9553955793380737
1.0225365161895752,1.0289448499679565
1.0423316955566406,1.0304702520370483
1.0298731327056885,1.036088466644287
0.997808575630188,1.028939962387085
1.0604106187820435,0.9930191040039062
1.0129263401031494,1.0286394357681274
1.0311431884765625,1.013972520828247
1.0255672931671143,0.9848315119743347
1.0087153911590576,1.0391515493392944
1.007332682609558,1.004386305809021
1.0068210363388062,1.0555394887924194
0.9971446990966797,1.0670344829559326
0.9477274417877197,1.0977373123168945
0.945336103439331,1.1131837368011475
0.9772169589996338,1.1313035488128662
0.8975264430046082,1.1550312042236328
0.8689144253730774,1.149839162826538
0.8865759968757629,1.1550028324127197
0.8890666961669922,1.2165961265563965
0.865813136100769,1.2238438129425049
0.8591593503952026,1.2212752103805542
0.8527863621711731,1.2754898071289062
0.8445373177528381,1.3129475116729736
0.8254899382591248,1.3138604164123535
0.8105216026306152,1.3870835304260254
0.7616427540779114,1.4405568838119507
0.7683594226837158,1.3601542711257935
0.758134663105011,1.4556009769439697
0.7333899140357971,1.488595724105835
0.7308120131492615,1.5697652101516724
0.7296164631843567,1.5581910610198975
0.7201631665229797,1.5903236865997314
0.6861239671707153,1.6495436429977417
0.713187575340271,1.6435272693634033
0.6997524499893188,1.6852811574935913
0.6964239478111267,1.7665883302688599
0.6972864270210266,1.7253291606903076
0.6973552107810974,1.6917803287506104
0.7127717137336731,1.7049731016159058
0.7626550197601318,1.5386419296264648
0.7465181350708008,1.686508059501648
0.7742885947227478,1.4836071729660034
0.7861763834953308,1.5443432331085205
0.7865923643112183,1.5801327228546143
0.784256637096405,1.490533709526062
0.8247750997543335,1.5251996517181396
0.8191078901290894,1.493213176727295
0.8753619194030762,1.3840358257293701
0.8516344428062439,1.3667550086975098
0.8442770838737488,1.3663825988769531
0.8615327477455139,1.3347911834716797
0.89921635389328,1.3549084663391113
0.9245360493659973,1.3058421611785889
0.9357936382293701,1.256498098373413
0.9474011063575745,1.2041856050491333
0.965740442276001,1.2584242820739746
0.9968591928482056,1.1992757320404053
0.9928010702133179,1.1609704494476318
0.9988834857940674,1.1714110374450684
1.0576218366622925,1.117039442062378
1.0635539293289185,1.0786092281341553
1.0653979778289795,1.1315665245056152
1.0323941707611084,1.073254942893982
1.0510613918304443,1.0447537899017334
1.0959163904190063,0.9653826951980591
1.1438148021697998,0.9579615592956543
1.2028858661651611,0.9199979901313782
1.2260682582855225,0.9467394351959229
1.2302007675170898,0.8927668333053589
1.2253353595733643,0.8620220422744751
1.2433929443359375,0.8254120945930481
1.2699121236801147,0.7614812850952148
1.330937385559082,0.7237351536750793
1.3870041370391846,0.7285096645355225
1.4770073890686035,0.7229639291763306
1.4931663274765015,0.6933717727661133
1.4351404905319214,0.6772022247314453
1.4236764907836914,0.677488386631012
1.4104015827178955,0.6509122252464294
1.4294416904449463,0.6467440128326416
1.497054934501648,0.6228205561637878
1.525023102760315,0.6277446746826172
1.563110113143921,0.6373335123062134
1.5476598739624023,0.6405376195907593
1.5092442035675049,0.609483003616333
1.5121989250183105,0.6383312940597534
1.4839013814926147,0.6456081867218018
1.493938684463501,0.6164138317108154
1.5756120681762695,0.6413435935974121
1.5491632223129272,0.6924161314964294
1.501358985900879,0.687747597694397
1.4726349115371704,0.7150725722312927
1.4208241701126099,0.7934268712997437
1.3685367107391357,0.8309971690177917
1.2969521284103394,0.8592194318771362
1.2620172500610352,0.8844603300094604
1.1571792364120483,0.956256628036499
1.2284133434295654,0.9378707408905029
1.202224850654602,1.0963761806488037
1.1985111236572266,1.0600812435150146
1.160292148590088,1.1212161779403687
1.0827670097351074,1.1885854005813599
0.9351521134376526,1.2352728843688965
0.8857060074806213,1.2324798107147217
0.9117445945739746,1.2971687316894531
0.8875802755355835,1.3405063152313232
0.9238966107368469,1.3010187149047852
0.9359728097915649,1.3542404174804688
0.9090710282325745,1.4042809009552002
0.8995981812477112,1.4057531356811523
0.790643036365509,1.3831040859222412
0.7579929232597351,1.3904383182525635
0.6598526239395142,1.4603772163391113
0.7278975248336792,1.412042498588562
0.8203839063644409,1.4496817588806152
0.8109346628189087,1.412773609161377
0.8957991003990173,1.3234338760375977
0.842463493347168,1.33890700340271
0.7872181534767151,1.2960867881774902
0.7934659123420715,1.2780680656433105
0.7823401689529419,1.282801628112793
0.8052543997764587,1.2851991653442383
0.8268882036209106,1.2792882919311523
0.8315538167953491,1.214372158050537
0.8329012393951416,1.186435341835022
0.837965190410614,1.2427177429199219
0.8993990421295166,1.1817519664764404
0.9042239189147949,1.16289484500885
0.8783013224601746,1.1492338180541992
0.8252061009407043,1.166823148727417
0.8332075476646423,1.1202690601348877
0.8896065354347229,1.1106367111206055
0.8955298662185669,1.1273409128189087
0.9520053863525391,1.1068989038467407
0.9601852893829346,1.142261028289795
0.9246822595596313,1.0953946113586426
0.9054418206214905,1.103611946105957
0.8721385598182678,1.109633207321167
0.8913195133209229,1.0644304752349854
0.8798081278800964,1.108469843864441
0.9122655987739563,1.159770131111145
0.9349308013916016,1.1453646421432495
0.9240689277648926,1.1805329322814941
0.9110092520713806,1.2209333181381226
0.8576216101646423,1.1577577590942383
0.802945077419281,1.2112834453582764
0.8165774941444397,1.2203292846679688
0.8496481776237488,1.2828612327575684
0.8369558453559875,1.3320155143737793
0.8300093412399292,1.2631442546844482
0.8226428031921387,1.307873249053955
0.8280459046363831,1.3972384929656982
0.8194894194602966,1.3284165859222412
0.757997989654541,1.4519503116607666
0.714323878288269,1.4042404890060425
0.6879941821098328,1.4103950262069702
0.7202891707420349,1.546431064605713
0.7514128684997559,1.541841745376587
0.7467108964920044,1.5129200220108032
0.7411958575248718,1.4998668432235718
0.674323320388794,1.5214964151382446
0.6824608445167542,1.5940669775009155
0.6963919401168823,1.5976347923278809
0.6924213767051697,1.597869873046875
0.7032696008682251,1.5993211269378662
0.6833122372627258,1.5725270509719849
0.6593507528305054,1.5956532955169678
0.6424621343612671,1.5913689136505127
0.687762975692749,1.664207935333252
0.7007984519004822,1.5978388786315918
0.6757271885871887,1.6197057962417603
0.6981426477432251,1.6092932224273682
0.6882662773132324,1.558060884475708
0.6911792159080505,1.559313178062439
0.6904570460319519,1.6496045589447021
0.7047873139381409,1.5826259851455688
0.7069259881973267,1.5128370523452759
0.7186149954795837,1.5402867794036865
0.736696720123291,1.4849944114685059
0.713850200176239,1.4844334125518799
0.7546099424362183,1.3772327899932861
0.7787147164344788,1.4039499759674072
0.8061133623123169,1.4182586669921875
0.7931848764419556,1.3871394395828247
0.7780753970146179,1.3430898189544678
0.8176970481872559,1.2591190338134766
0.8332564234733582,1.2876132726669312
0.8757545351982117,1.228413462638855
0.909500002861023,1.1803624629974365
0.9420285820960999,1.1386592388153076
0.9511659741401672,1.139235496520996
0.9681476354598999,1.1276769638061523
0.9562364816665649,1.0711805820465088
0.9907292127609253,1.088174819946289
0.9980355501174927,1.0431209802627563
0.9985292553901672,1.0335886478424072
1.0233798027038574,0.9893962740898132
0.9903067350387573,1.0143567323684692
1.0282800197601318,1.02323579788208
1.0814261436462402,0.9517002105712891
1.1476308107376099,0.9574548602104187
1.082427740097046,0.9317965507507324
1.0590691566467285,0.9774632453918457
1.0478191375732422,0.9480607509613037
1.0601210594177246,0.9040266275405884
