gen,disc
0.9599322080612183,1.304574966430664
0.9293820858001709,1.2096357345581055
0.868328869342804,1.292765736579895
0.9519581198692322,1.1680607795715332
0.9108622670173645,1.243513822555542
1.0522854328155518,1.1959106922149658
1.0296871662139893,1.2293621301651
1.0463683605194092,1.1979305744171143
1.0395947694778442,1.1378827095031738
1.063302993774414,1.187650203704834
1.1076503992080688,1.1126564741134644
1.0949764251708984,1.1429145336151123
1.0651803016662598,1.2684569358825684
1.1400638818740845,1.1307225227355957
1.0640954971313477,1.2297927141189575
1.123321771621704,1.1537048816680908
1.1017429828643799,1.2068952322006226
1.1060686111450195,1.127132773399353
1.0344998836517334,1.1882131099700928
1.055426836013794,1.2598358392715454
1.1002626419067383,1.2244136333465576
1.1286436319351196,1.4011735916137695
1.0528795719146729,1.2578707933425903
0.9856401681900024,1.3032922744750977
1.0119675397872925,1.275715947151184
1.0337837934494019,1.2986301183700562
1.0197185277938843,1.4216442108154297
1.0137338638305664,1.4051023721694946
0.9656557440757751,1.330923318862915
0.9367151856422424,1.4258242845535278
0.951184868812561,1.520233154296875
0.971074640750885,1.2975420951843262
1.0213192701339722,1.3985962867736816
1.0004068613052368,1.4508332014083862
0.9711452722549438,1.3581721782684326
0.899009108543396,1.395280361175537
0.9087591767311096,1.4350364208221436
0.9232320785522461,1.4507522583007812
0.9495518803596497,1.4200044870376587
0.9757270812988281,1.4372313022613525
0.8914893269538879,1.424595594406128
0.9347549080848694,1.5032806396484375
0.9041651487350464,1.466097354888916
0.8387597799301147,1.4742323160171509
0.8565917015075684,1.4395256042480469
0.9813517332077026,1.4166088104248047
0.942638099193573,1.3890671730041504
1.0027437210083008,1.2999441623687744
0.8959576487541199,1.345545768737793
0.901340126991272,1.307288408279419
0.9462922811508179,1.292736291885376
0.9988130331039429,1.2858407497406006
0.9938564300537109,1.2898755073547363
0.9764370918273926,1.2105622291564941
0.9849420785903931,1.2388033866882324
1.0161367654800415,1.1264615058898926
1.0600829124450684,1.1437125205993652
1.0887199640274048,1.110366940498352
1.0717648267745972,1.0751581192016602
1.0457252264022827,1.0946630239486694
1.097139835357666,1.0505715608596802
1.1247590780258179,1.0319554805755615
1.1259300708770752,1.1080946922302246
1.1944025754928589,1.038766860961914
1.085803747177124,1.0016300678253174
1.1059986352920532,0.9785789847373962
1.1472870111465454,1.0369762182235718
1.1971726417541504,0.974524199962616
1.2842600345611572,0.9732463359832764
1.2402678728103638,0.8830389976501465
1.1947906017303467,0.9399797916412354
1.2838072776794434,0.8703107833862305
1.3330142498016357,0.8636888861656189
1.3312501907348633,0.8427482843399048
1.3753634691238403,0.8707432150840759
1.2303800582885742,0.8496804237365723
1.2146137952804565,0.898883581161499
1.277968168258667,0.875113844871521
1.43040931224823,0.826085090637207
1.319907307624817,0.9109386205673218
1.3193166255950928,0.8249194622039795
1.2974798679351807,0.8901386260986328
1.3284209966659546,0.787397027015686
1.3497720956802368,0.8283098936080933
1.4659521579742432,0.8616510629653931
1.3318120241165161,0.8358887434005737
1.3020062446594238,0.9092094302177429
1.252916932106018,0.8835300207138062
1.2928340435028076,0.8402519822120667
1.3076066970825195,0.8745602369308472
1.4143741130828857,0.896199107170105
1.3952914476394653,0.8963813781738281
1.177598476409912,0.9522867202758789
1.1336569786071777,0.9034175872802734
1.1495211124420166,0.9094167947769165
1.376951813697815,0.9633817672729492
1.3609064817428589,0.983160674571991
1.2545347213745117,0.9144092798233032
1.093608021736145,0.9435857534408569
1.1576427221298218,0.9821900725364685
1.1746411323547363,0.995229959487915
1.273559331893921,1.0660459995269775
1.2143863439559937,1.037040114402771
1.1767137050628662,0.9887459874153137
1.0797415971755981,1.033115029335022
1.1294357776641846,1.0041403770446777
1.1967601776123047,1.0132114887237549
1.19999361038208,1.080885648727417
1.1371634006500244,1.0940887928009033
1.1237537860870361,1.0920847654342651
1.0374388694763184,1.1178834438323975
1.1277832984924316,1.0430155992507935
1.1606615781784058,1.0721418857574463
1.084429144859314,1.1094410419464111
1.0524803400039673,1.144739031791687
1.1203519105911255,1.0725061893463135
1.1166996955871582,1.102921724319458
1.032372236251831,1.1442806720733643
1.0433247089385986,1.1213971376419067
1.12376868724823,1.0969398021697998
1.0956223011016846,1.154709815979004
1.0231648683547974,1.1216593980789185
1.0111325979232788,1.1650621891021729
1.059273600578308,1.1645127534866333
1.1027568578720093,1.117640733718872
1.1595513820648193,1.0744532346725464
1.1326379776000977,1.083121657371521
1.0567232370376587,1.1386821269989014
0.984635591506958,1.1016443967819214
0.9677988290786743,1.1362583637237549
1.0905793905258179,1.1221914291381836
1.0730959177017212,1.1666483879089355
1.074203372001648,1.1243298053741455
1.0415399074554443,1.140282392501831
1.0083054304122925,1.153072476387024
1.024450421333313,1.151093602180481
1.080556869506836,1.1140893697738647
1.0391913652420044,1.183631181716919
1.0468289852142334,1.1184359788894653
1.0232454538345337,1.1320457458496094
1.0967895984649658,1.061718225479126
0.9866341352462769,1.1713166236877441
1.0056939125061035,1.1548714637756348
1.0569450855255127,1.0951662063598633
1.087117075920105,1.126662015914917
1.0303826332092285,1.0765876770019531
1.0734907388687134,1.042986273765564
1.0393694639205933,1.1432147026062012
1.0930743217468262,1.0464836359024048
1.074676275253296,1.0922411680221558
1.0118827819824219,1.0709834098815918
1.0201454162597656,1.1305092573165894
1.1252024173736572,1.0572028160095215
1.1250495910644531,1.0332655906677246
1.0625786781311035,1.075925350189209
1.0390782356262207,1.0455189943313599
1.1027226448059082,1.004291296005249
1.0987907648086548,1.0290886163711548
1.1785681247711182,1.0423762798309326
1.1693264245986938,1.0449613332748413
1.138102412223816,1.0552773475646973
1.1018794775009155,1.0574214458465576
1.0387672185897827,1.003629446029663
1.1010119915008545,1.0430140495300293
1.033976435661316,1.072110891342163
1.0924206972122192,1.0520563125610352
1.1415798664093018,1.0219643115997314
1.1454858779907227,1.0461091995239258
1.1698832511901855,0.9744763970375061
1.07704496383667,1.0668383836746216
0.9942541718482971,1.1541364192962646
1.0817935466766357,1.134676456451416
1.09084153175354,1.0252206325531006
1.1282985210418701,1.0705671310424805
1.124833106994629,1.070728063583374
1.1068205833435059,1.1081504821777344
0.986146092414856,1.1000313758850098
1.0034270286560059,1.1208504438400269
1.0435112714767456,1.1402398347854614
1.0831536054611206,1.2189228534698486
1.0714242458343506,1.1802918910980225
0.9399815201759338,1.2087080478668213
0.9692083597183228,1.176640510559082
0.9512022137641907,1.2679808139801025
1.0716800689697266,1.2651832103729248
1.0807608366012573,1.2199208736419678
1.108155608177185,1.146127700805664
0.9171335101127625,1.235422134399414
0.8970004916191101,1.3175156116485596
0.9763040542602539,1.295742154121399
0.9556599855422974,1.306444525718689
1.0300995111465454,1.3259296417236328
1.0358701944351196,1.3162176609039307
0.9865033626556396,1.3147052526474
0.8598761558532715,1.3144724369049072
0.8723278641700745,1.3548012971878052
0.9180054664611816,1.2916994094848633
1.0389227867126465,1.327894926071167
1.0917774438858032,1.2913358211517334
0.9326621890068054,1.380967378616333
0.8870254755020142,1.3816847801208496
0.8906464576721191,1.324293851852417
0.8955529928207397,1.3757110834121704
1.0242421627044678,1.2942047119140625
1.0263786315917969,1.3599627017974854
0.9057292938232422,1.3358802795410156
0.8355415463447571,1.317967176437378
0.8914405703544617,1.35310959815979
0.9833452701568604,1.2351417541503906
1.0470004081726074,1.3161723613739014
0.9988328814506531,1.277274250984192
0.9168519377708435,1.3678771257400513
0.8549511432647705,1.2670669555664062
0.8970266580581665,1.2436938285827637
1.05711030960083,1.241241693496704
1.0826685428619385,1.2780704498291016
1.008387804031372,1.2123844623565674
0.8820134997367859,1.2165682315826416
0.9337190389633179,1.2020734548568726
0.9955458641052246,1.210991621017456
1.0477713346481323,1.2179365158081055
1.0819917917251587,1.1750071048736572
1.0624676942825317,1.1456530094146729
0.9547754526138306,1.1426122188568115
0.9946668744087219,1.1179840564727783
0.9986432194709778,1.1529815196990967
1.0885835886001587,1.1028907299041748
1.1467779874801636,1.0257351398468018
1.1943769454956055,1.0396606922149658
1.0725510120391846,1.078963279724121
1.1043388843536377,1.0170800685882568
1.047688364982605,0.9954598546028137
1.1974472999572754,0.9823215007781982
1.272432565689087,1.00887131690979
1.215050458908081,0.9629045128822327
