gen,disc
1.2237091064453125,1.085843801498413
1.113980770111084,1.218719244003296
1.1090894937515259,1.120929479598999
1.0155162811279297,1.1460435390472412
1.1795920133590698,1.2676866054534912
1.1124297380447388,1.1564974784851074
1.2608542442321777,1.1111721992492676
1.1377164125442505,1.2789915800094604
1.2153453826904297,1.1093766689300537
1.12155282497406,1.2055004835128784
1.060181975364685,1.2676759958267212
1.0708850622177124,1.2073967456817627
1.1116575002670288,1.227452039718628
1.1512024402618408,1.1869038343429565
1.1189420223236084,1.282691478729248
1.1064836978912354,1.2306745052337646
1.1159744262695312,1.2188513278961182
1.1215839385986328,1.226506233215332
1.0278493165969849,1.2417902946472168
1.0334120988845825,1.209831953048706
0.9684179425239563,1.380008339881897
0.9949705600738525,1.3744912147521973
1.0870143175125122,1.2583955526351929
1.0620477199554443,1.3717116117477417
1.0735254287719727,1.2779709100723267
1.0477644205093384,1.3286187648773193
0.9034621119499207,1.3457119464874268
0.9507043361663818,1.2644731998443604
1.0459659099578857,1.311192274093628
1.1065704822540283,1.3229793310165405
1.0183191299438477,1.343061089515686
0.9815480709075928,1.3117518424987793
0.957572340965271,1.3080646991729736
1.07185959815979,1.276968002319336
0.966576874256134,1.3788087368011475
1.065926432609558,1.3163806200027466
1.0940266847610474,1.2509902715682983
0.9993756413459778,1.266045331954956
0.9587664008140564,1.3167145252227783
1.037867546081543,1.3160436153411865
1.1247423887252808,1.204006314277649
1.1856906414031982,1.3320358991622925
1.103973150253296,1.1821534633636475
1.0388522148132324,1.137389898300171
1.0682618618011475,1.194869041442871
1.0414379835128784,1.1371569633483887
1.1600137948989868,1.2225685119628906
1.2412190437316895,1.1846706867218018
1.1836918592453003,1.1435073614120483
1.130400538444519,1.1687566041946411
1.0941389799118042,1.0783028602600098
1.0780048370361328,1.1244406700134277
1.228028655052185,1.0919535160064697
1.2557625770568848,1.1630175113677979
1.30413019657135,1.0832877159118652
1.1946725845336914,1.0467896461486816
1.0956529378890991,1.0537657737731934
1.1141544580459595,1.0612547397613525
1.1428972482681274,1.035731315612793
1.2571451663970947,1.006352186203003
1.4174968004226685,1.0914661884307861
1.3326001167297363,1.0188989639282227
1.1517659425735474,1.0340774059295654
1.0663801431655884,1.0220075845718384
1.0234460830688477,1.0697405338287354
1.3243657350540161,0.9861646890640259
1.4227895736694336,0.9535316228866577
1.404833197593689,0.9918854236602783
1.242419719696045,0.9964843988418579
1.1494582891464233,1.0217242240905762
1.2072875499725342,0.9007494449615479
1.2004203796386719,0.8880441188812256
1.2887399196624756,0.9567297101020813
1.434063196182251,0.9142270088195801
1.4181687831878662,0.8931273221969604
1.3375686407089233,0.8993124961853027
1.1952199935913086,0.8681573271751404
1.1153770685195923,0.9634589552879333
1.3201977014541626,0.9215622544288635
1.4034522771835327,0.8368673324584961
1.3845553398132324,0.8916183710098267
1.3585798740386963,0.9286482334136963
1.280415654182434,0.8983911275863647
1.1569303274154663,0.9281264543533325
1.1216130256652832,0.9516881704330444
1.1875193119049072,0.9374224543571472
1.3879365921020508,0.9076339602470398
1.4030861854553223,0.9811031222343445
1.4201686382293701,0.9150955677032471
1.277621865272522,0.9597344398498535
1.2050875425338745,0.8685296773910522
1.122375249862671,0.9471143484115601
1.1440452337265015,0.950305700302124
1.2774930000305176,0.9170801043510437
1.4783785343170166,0.9900892972946167
1.3977088928222656,0.954932689666748
1.3139126300811768,0.926216721534729
1.1854768991470337,0.9611120223999023
1.1044505834579468,1.0192887783050537
1.2256319522857666,0.9075660705566406
1.2673356533050537,0.9403738975524902
1.385336995124817,0.9603891372680664
1.3796405792236328,1.0668150186538696
1.2188384532928467,1.0685209035873413
1.161642074584961,0.9908716082572937
1.1023974418640137,1.0717873573303223
1.0977342128753662,1.053282618522644
1.2541167736053467,0.9722282886505127
1.3138165473937988,1.0248260498046875
1.258498191833496,1.096736192703247
1.1578710079193115,1.1118868589401245
1.1307458877563477,1.093585729598999
1.1861056089401245,1.0778982639312744
1.2353363037109375,1.0408244132995605
1.18307363986969,1.0918937921524048
1.222474455833435,1.0838377475738525
1.2061238288879395,1.0671615600585938
1.2063260078430176,1.0873312950134277
1.143937110900879,1.0841739177703857
1.1215744018554688,1.1035549640655518
1.2254084348678589,1.02529776096344
1.0811450481414795,1.1961956024169922
1.1713529825210571,1.1189783811569214
1.2237833738327026,1.0791107416152954
1.2039952278137207,1.1538416147232056
1.064582109451294,1.2073619365692139
1.1069015264511108,1.1475410461425781
1.0731801986694336,1.2294769287109375
1.2228599786758423,1.1097545623779297
1.229661464691162,1.134753704071045
1.0573692321777344,1.207409143447876
1.1742117404937744,1.140014886856079
1.0864694118499756,1.1229760646820068
1.0361095666885376,1.25856351852417
1.18348228931427,1.2081263065338135
1.1665737628936768,1.1732814311981201
1.119640827178955,1.1859381198883057
1.0682729482650757,1.2622885704040527
1.0997660160064697,1.1492211818695068
1.1014517545700073,1.204991102218628
1.0656020641326904,1.263723373413086
1.1222459077835083,1.2500046491622925
1.1195998191833496,1.1925448179244995
1.0045198202133179,1.2085176706314087
1.109370470046997,1.1906547546386719
1.1660740375518799,1.1230790615081787
1.1487414836883545,1.1882851123809814
1.2416456937789917,1.214077353477478
1.006890892982483,1.3022098541259766
0.9242556095123291,1.2384541034698486
1.0294557809829712,1.1871635913848877
1.12147057056427,1.2280213832855225
1.1359397172927856,1.205820083618164
1.1195640563964844,1.2381401062011719
1.0470045804977417,1.3070822954177856
0.9439315795898438,1.2694929838180542
1.0556150674819946,1.1559743881225586
1.1623390913009644,1.0584055185317993
1.1576809883117676,1.2617318630218506
1.1529499292373657,1.1299582719802856
1.0987186431884766,1.104527235031128
1.0776338577270508,1.115371584892273
1.1614553928375244,1.1132454872131348
1.1762561798095703,1.1051048040390015
1.3045177459716797,1.0922181606292725
1.1645959615707397,1.0898422002792358
1.0783100128173828,1.083618402481079
1.113836646080017,1.1217701435089111
1.2166473865509033,1.0327160358428955
1.2978687286376953,1.0512256622314453
1.2580267190933228,1.0462108850479126
1.2101364135742188,0.9868823289871216
1.1991016864776611,1.028793454170227
1.2829868793487549,0.9413334131240845
1.307413101196289,0.8877542614936829
1.367565631866455,0.9171697497367859
1.353778600692749,0.911569356918335
1.370179533958435,0.9145325422286987
1.3078800439834595,0.9450463652610779
1.3082034587860107,0.9113357067108154
1.3132991790771484,0.8917785882949829
1.2392354011535645,0.9071761965751648
1.292030692100525,0.926899254322052
1.3243062496185303,0.9215030670166016
1.482829213142395,0.8971033692359924
1.4546279907226562,0.9022042751312256
1.4058270454406738,0.9282609820365906
1.2721338272094727,0.8972729444503784
1.2508008480072021,0.897305965423584
1.2683883905410767,0.9227402210235596
1.2830395698547363,0.9911068081855774
1.4110167026519775,0.9147751331329346
1.4102346897125244,0.936050295829773
1.2735111713409424,0.9659090638160706
1.2152682542800903,0.9882468581199646
1.2382673025131226,0.9399423599243164
1.2957121133804321,0.9813454151153564
1.3615446090698242,0.9325767755508423
1.2804831266403198,1.0182722806930542
1.3327734470367432,0.9293692111968994
1.2990188598632812,0.9789474010467529
1.271498441696167,1.0253061056137085
1.2102701663970947,1.0840585231781006
1.163023591041565,1.053556203842163
1.1619806289672852,1.0904812812805176
1.300315499305725,1.064143180847168
1.2278220653533936,1.139521837234497
1.1724543571472168,1.1524555683135986
1.1578327417373657,1.1347262859344482
1.087475061416626,1.08549964427948
1.1677560806274414,1.1370363235473633
1.0996146202087402,1.1431777477264404
1.2520081996917725,1.1166906356811523
1.1632121801376343,1.206899642944336
1.1800373792648315,1.2191622257232666
1.1570054292678833,1.2144384384155273
0.9798654317855835,1.1757960319519043
1.0253759622573853,1.1946072578430176
1.2182588577270508,1.1684807538986206
1.1815234422683716,1.228653073310852
1.218590259552002,1.2011973857879639
1.049324631690979,1.2741564512252808
1.026127815246582,1.2643852233886719
1.0165114402770996,1.1585782766342163
1.0437328815460205,1.1813945770263672
1.0879952907562256,1.2366044521331787
1.2927076816558838,1.2282495498657227
1.1151612997055054,1.1630712747573853
1.045676589012146,1.239052176475525
0.9704515933990479,1.2415788173675537
0.9958434104919434,1.2048468589782715
1.0804948806762695,1.2163970470428467
1.2025835514068604,1.277109146118164
1.2124426364898682,1.2190008163452148
1.0826762914657593,1.2665596008300781
