gen,disc
1.08612859249115,1.1693921089172363
1.1101731061935425,1.255948543548584
1.0257477760314941,1.2151610851287842
1.006235957145691,1.1847953796386719
0.9781193137168884,1.1796557903289795
0.9824455380439758,1.2244577407836914
1.0512114763259888,1.171363115310669
1.072900414466858,1.193634033203125
1.1020112037658691,1.1546740531921387
1.0805096626281738,1.196683406829834
0.9445471167564392,1.1273562908172607
0.9870938658714294,1.0921683311462402
1.0246127843856812,1.14693284034729
1.10421621799469,1.144364595413208
1.1260340213775635,1.095661997795105
1.0768423080444336,1.1746716499328613
0.9850717186927795,1.0940605401992798
1.009484887123108,1.1732640266418457
1.05964994430542,1.1507927179336548
1.1098294258117676,1.1328206062316895
1.1181800365447998,1.1509404182434082
1.038668155670166,1.103456735610962
1.022529125213623,1.0875327587127686
1.0560261011123657,1.0797953605651855
1.156280517578125,1.0907058715820312
1.1319717168807983,1.143995761871338
1.1005723476409912,1.0353176593780518
1.0613536834716797,1.0655133724212646
1.0729591846466064,1.0421442985534668
1.1530722379684448,1.0488662719726562
1.15294349193573,1.0367176532745361
1.18693208694458,1.0013014078140259
1.1260523796081543,1.0220928192138672
1.1388828754425049,1.065017580986023
1.0808956623077393,1.0333635807037354
1.1071833372116089,0.9990018606185913
1.1965521574020386,1.0259865522384644
1.262315273284912,1.038949728012085
1.3179705142974854,0.9625444412231445
1.2483826875686646,0.9703099131584167
1.2256137132644653,0.9143893718719482
1.2059155702590942,0.9444151520729065
1.2044249773025513,1.007756233215332
1.1887180805206299,0.9395191073417664
1.3259742259979248,0.9046007990837097
1.3033852577209473,0.9529434442520142
1.287992000579834,0.9286767244338989
1.231099009513855,0.9381805658340454
1.1204055547714233,0.9985469579696655
1.3035815954208374,0.8728510141372681
1.2982717752456665,0.9505630731582642
1.3445559740066528,0.9075722694396973
1.2650425434112549,0.9754460453987122
1.1950042247772217,0.9755942821502686
1.0685958862304688,1.0234673023223877
1.1202284097671509,1.0367872714996338
1.2418007850646973,1.0117793083190918
1.185295820236206,1.0231986045837402
1.1942145824432373,1.017931580543518
1.1400423049926758,1.047775149345398
1.0817760229110718,1.115871787071228
1.1457971334457397,1.088104248046875
1.1023792028427124,1.1975489854812622
1.0871444940567017,1.080544352531433
1.1476004123687744,1.1451787948608398
1.0839087963104248,1.1003799438476562
1.0976914167404175,1.1769614219665527
1.0261017084121704,1.1942687034606934
1.0468846559524536,1.1380538940429688
1.068194031715393,1.1670732498168945
1.057335376739502,1.1945441961288452
1.1100330352783203,1.1425318717956543
1.06734299659729,1.191244125366211
1.0498850345611572,1.1688188314437866
0.9978898763656616,1.1606345176696777
1.0337474346160889,1.1834534406661987
1.1580772399902344,1.1302310228347778
1.1674546003341675,1.1396236419677734
1.112334966659546,1.1140196323394775
1.031167984008789,1.1212184429168701
1.1295212507247925,1.1257493495941162
1.1346930265426636,1.0837960243225098
1.1491327285766602,1.0755000114440918
1.1966376304626465,1.037275791168213
1.242442011833191,1.0288763046264648
1.2075103521347046,1.086023211479187
1.2060012817382812,1.1136014461517334
1.2668957710266113,1.0391395092010498
1.1345860958099365,1.0343447923660278
1.1385120153427124,1.043115496635437
1.2034410238265991,1.008863925933838
1.3953348398208618,1.0519750118255615
1.3786194324493408,0.9603365659713745
1.3278449773788452,0.9552617073059082
1.19874107837677,1.0118592977523804
1.2214269638061523,0.9502698183059692
1.290439486503601,0.9675999879837036
1.4907715320587158,0.9011949300765991
1.471238374710083,0.873925507068634
1.4375202655792236,0.922020673751831
1.2865718603134155,0.9084807634353638
1.2988814115524292,0.9695751667022705
1.3578672409057617,0.9839479327201843
1.3397676944732666,0.9686508178710938
1.220579743385315,1.0404181480407715
1.3918673992156982,0.9623799920082092
1.3295812606811523,0.9976354837417603
1.2573506832122803,1.0982282161712646
1.3136718273162842,1.0178511142730713
1.2683639526367188,0.9998917579650879
1.2785784006118774,1.0397043228149414
1.3767244815826416,1.0337700843811035
1.3492523431777954,1.0268559455871582
1.1265077590942383,1.1518765687942505
1.080187201499939,1.1146475076675415
1.0869985818862915,1.14423406124115
1.1528822183609009,1.183173418045044
1.2134668827056885,1.1038264036178589
1.1925232410430908,1.1661498546600342
1.0655184984207153,1.177628993988037
1.0433183908462524,1.2373684644699097
1.0689220428466797,1.2693665027618408
1.003844141960144,1.2831778526306152
1.025704026222229,1.2663075923919678
0.9659679532051086,1.2111601829528809
0.9534652829170227,1.2566940784454346
0.991050660610199,1.3267611265182495
0.9377064108848572,1.2941787242889404
1.0349856615066528,1.2946174144744873
0.9539911150932312,1.3202133178710938
0.9109781980514526,1.318437099456787
0.8416962623596191,1.2975211143493652
0.8775192499160767,1.292445182800293
0.9796246290206909,1.301842451095581
0.938389778137207,1.303467035293579
0.9862173795700073,1.279332160949707
0.9109557867050171,1.29736328125
0.9271162152290344,1.2334487438201904
0.8679080009460449,1.2605335712432861
0.9200206398963928,1.2414424419403076
0.9372575283050537,1.1891188621520996
1.012876272201538,1.1696271896362305
0.9695149064064026,1.2020659446716309
0.9345042705535889,1.2023998498916626
0.9561657905578613,1.2426555156707764
1.0428845882415771,1.1488381624221802
1.0457017421722412,1.16972017288208
1.0107316970825195,1.122786521911621
0.9945800304412842,1.0663353204727173
1.0738060474395752,1.0418949127197266
1.1187074184417725,1.0870901346206665
1.2016624212265015,0.9997904300689697
1.1549367904663086,0.9654967188835144
1.1430881023406982,0.9872426986694336
1.214374303817749,0.9106653332710266
1.2030951976776123,0.9702548980712891
1.1957496404647827,1.0464502573013306
1.2411513328552246,0.9884954690933228
1.2725882530212402,0.9557585716247559
1.2625654935836792,0.9522495269775391
1.2218329906463623,0.90038001537323
1.1452701091766357,0.9322115182876587
1.249695062637329,0.9333202838897705
1.2876167297363281,1.0020320415496826
1.3102856874465942,0.9537390470504761
1.2776494026184082,1.0085095167160034
1.2302252054214478,1.070810079574585
1.1559433937072754,1.0090559720993042
1.1832337379455566,1.0098133087158203
1.1366313695907593,1.058204174041748
1.2371963262557983,1.0200445652008057
1.2218390703201294,1.0902749300003052
1.1853773593902588,1.0561925172805786
1.1866329908370972,1.0346336364746094
1.12252676486969,1.050152063369751
1.1203274726867676,1.0152344703674316
1.1986899375915527,1.073668122291565
1.2261250019073486,1.0703613758087158
1.1408910751342773,1.0644243955612183
1.1502656936645508,1.0570911169052124
1.09628427028656,1.0751796960830688
1.0373015403747559,1.082657814025879
1.1607978343963623,1.1723021268844604
1.1996512413024902,1.2205262184143066
1.0718580484390259,1.0802786350250244
1.099419116973877,1.1480216979980469
1.0633463859558105,1.1392828226089478
1.0518889427185059,1.1448454856872559
1.1514843702316284,1.0941989421844482
1.2116971015930176,1.1396775245666504
1.1632665395736694,1.0928094387054443
1.0526188611984253,1.0893158912658691
1.091533899307251,1.004451036453247
1.1797523498535156,1.0807006359100342
1.3349528312683105,1.0313297510147095
1.2198957204818726,1.0494084358215332
1.069915771484375,0.9907112121582031
1.089362382888794,1.039629340171814
1.2516597509384155,0.9449986815452576
1.3837536573410034,0.9772595763206482
1.3961929082870483,0.9452040195465088
1.1508574485778809,0.9798861742019653
1.0557805299758911,0.9614139795303345
1.1999266147613525,0.9823451042175293
1.3655210733413696,0.8966859579086304
1.4248127937316895,0.9383953809738159
1.336474895477295,0.8772433996200562
1.188542366027832,0.9005599021911621
1.2125658988952637,0.8813436031341553
1.3622832298278809,0.8743566274642944
1.330626130104065,0.8729164004325867
1.2851637601852417,0.9783498048782349
1.209690809249878,0.8915299773216248
1.2345713376998901,0.8861677646636963
1.3450157642364502,0.9719792604446411
1.3827646970748901,0.908483624458313
1.215250015258789,0.9373466968536377
1.215667724609375,0.9137654900550842
1.108047366142273,0.9989235997200012
1.2597248554229736,0.9479305744171143
1.2911096811294556,0.9574490189552307
1.2511672973632812,0.9187216758728027
1.25608229637146,1.0019497871398926
1.1636329889297485,1.0582047700881958
1.0893261432647705,0.9748839139938354
1.0989784002304077,0.9852966070175171
1.1963002681732178,1.0720782279968262
1.3038066625595093,1.0093547105789185
1.2511138916015625,1.0543314218521118
1.1001113653182983,1.0618500709533691
0.9350581169128418,1.099631667137146
1.053047776222229,1.085152506828308
1.2041685581207275,1.1624115705490112
1.1591373682022095,1.163021206855774
1.139611005783081,1.2061562538146973
