gen,disc
1.1366783380508423,1.017981767654419
1.0880099534988403,1.1073262691497803
1.084397792816162,1.1325323581695557
1.1680492162704468,1.103708267211914
1.2412711381912231,1.0845496654510498
1.208827018737793,1.1604490280151367
1.056309700012207,1.155735731124878
1.0664472579956055,1.1508259773254395
1.1083056926727295,1.1360564231872559
1.084498643875122,1.1955897808074951
1.0691896677017212,1.2197093963623047
1.1042232513427734,1.1781847476959229
1.127366542816162,1.1791863441467285
1.069212794303894,1.1738908290863037
1.057786226272583,1.1852819919586182
1.1156487464904785,1.127671480178833
1.1732507944107056,1.1398541927337646
1.0646352767944336,1.217179775238037
0.9757550954818726,1.2018839120864868
1.018229365348816,1.2682194709777832
1.0689411163330078,1.1327224969863892
1.1371783018112183,1.1311678886413574
1.077074646949768,1.1154550313949585
1.063948392868042,1.229895830154419
1.1224510669708252,1.1342476606369019
1.0860081911087036,1.0365569591522217
1.0786856412887573,1.0790461301803589
1.068565011024475,1.0583062171936035
1.1206525564193726,1.0484778881072998
1.1568355560302734,1.0912449359893799
1.2160975933074951,1.0535478591918945
1.128900408744812,1.0308502912521362
1.0414727926254272,1.0222041606903076
1.144078254699707,1.0189446210861206
1.1789361238479614,0.9877174496650696
1.1951534748077393,1.0058932304382324
1.196974277496338,0.9665988683700562
1.2042242288589478,0.9394199252128601
1.2497371435165405,0.9576852321624756
1.1638541221618652,0.9578708410263062
1.0884544849395752,1.0338304042816162
1.1165275573730469,0.9700364470481873
1.2248773574829102,0.9910532832145691
1.227397084236145,0.9867839217185974
1.2373684644699097,0.9891882538795471
1.1138889789581299,1.0548884868621826
1.0559439659118652,1.0428156852722168
1.0692167282104492,1.012378454208374
1.2104250192642212,1.0628031492233276
1.2184206247329712,1.0501824617385864
1.2039731740951538,1.08766770362854
1.051375150680542,1.070341944694519
0.9898674488067627,1.1109180450439453
1.1098999977111816,1.089812159538269
1.2913048267364502,1.1341520547866821
1.1665297746658325,1.119713544845581
1.0557069778442383,1.219275951385498
0.9903006553649902,1.1714829206466675
0.9345023036003113,1.2128177881240845
1.0545345544815063,1.1597752571105957
1.1105859279632568,1.2131142616271973
1.0724971294403076,1.2526676654815674
0.9591217041015625,1.23679780960083
0.9230338335037231,1.242889404296875
0.9862585067749023,1.289799690246582
0.9729670286178589,1.26987886428833
0.9928069114685059,1.2477575540542603
0.950944185256958,1.2417385578155518
0.9578662514686584,1.3700075149536133
1.0096205472946167,1.3016878366470337
0.9138786196708679,1.287019968032837
0.9162843227386475,1.274233341217041
0.8995074033737183,1.3488140106201172
0.9471374750137329,1.3350112438201904
0.9690603017807007,1.2806333303451538
0.9344444274902344,1.2603790760040283
0.9493781924247742,1.2789099216461182
0.9065022468566895,1.344714641571045
0.920177698135376,1.3538495302200317
0.9111989736557007,1.2536907196044922
0.8873637318611145,1.2458689212799072
0.88730788230896,1.3035824298858643
0.983980119228363,1.2347218990325928
0.9561669230461121,1.2801859378814697
0.9798177480697632,1.2371283769607544
0.9491605162620544,1.252662181854248
1.0101360082626343,1.255383014678955
0.9453668594360352,1.2728919982910156
0.9656212329864502,1.1687986850738525
0.8297865986824036,1.2868072986602783
0.9706113338470459,1.1682276725769043
0.9886459112167358,1.2062649726867676
1.0683338642120361,1.1577746868133545
1.1307532787322998,1.1243736743927002
1.0827405452728271,1.1176787614822388
0.9710928201675415,1.1553316116333008
0.9650924205780029,1.1683380603790283
1.060234785079956,1.077364444732666
1.1374223232269287,1.0948219299316406
1.1111819744110107,1.1966862678527832
1.2025960683822632,1.1922929286956787
1.048292636871338,1.084752082824707
1.006374716758728,1.2778689861297607
0.9731355309486389,1.1435091495513916
1.0069222450256348,1.2453272342681885
1.1181347370147705,1.1818859577178955
1.1383477449417114,1.2342424392700195
1.1256976127624512,1.2593891620635986
0.9575909972190857,1.236423373222351
0.9219427704811096,1.2846733331680298
1.031071424484253,1.2707695960998535
1.0076032876968384,1.296924114227295
1.0527451038360596,1.4215397834777832
1.023559331893921,1.3169500827789307
1.0014989376068115,1.349908709526062
0.9869521856307983,1.2835478782653809
0.8996167182922363,1.4502642154693604
0.9467540979385376,1.3617010116577148
0.9890991449356079,1.3790440559387207
0.9773309826850891,1.3368912935256958
1.0045123100280762,1.2800402641296387
0.9541424512863159,1.3771884441375732
0.9867159128189087,1.3884093761444092
0.9116843938827515,1.3755450248718262
0.9037351012229919,1.3315086364746094
1.011035442352295,1.3520030975341797
1.0691308975219727,1.2991336584091187
0.9958800077438354,1.328000783920288
0.9570062160491943,1.2585747241973877
0.9490358233451843,1.2554078102111816
1.0021405220031738,1.2476065158843994
1.071577548980713,1.2166216373443604
1.0091127157211304,1.2534830570220947
1.0560922622680664,1.2311958074569702
0.9809296727180481,1.143885612487793
1.0422924757003784,1.0982252359390259
1.1206367015838623,1.0712852478027344
1.150068998336792,1.1155738830566406
1.217810034751892,1.0640678405761719
1.1333767175674438,1.0849111080169678
1.0256602764129639,1.0717260837554932
1.0480154752731323,1.041754126548767
1.1705514192581177,0.9838951826095581
1.197571039199829,0.9962844848632812
1.242781639099121,1.0529658794403076
1.1560635566711426,1.0389938354492188
1.122675895690918,0.9981712698936462
1.0706264972686768,1.0243059396743774
1.1280401945114136,1.000511884689331
1.1598055362701416,1.0257227420806885
1.2005791664123535,0.991014838218689
1.1613762378692627,1.0203248262405396
1.1710550785064697,1.0017170906066895
1.0709969997406006,1.0484486818313599
1.0262821912765503,1.0050984621047974
1.0567983388900757,1.0886685848236084
1.1680890321731567,1.0623526573181152
1.151479721069336,1.104182481765747
1.0579684972763062,1.0594723224639893
1.0828158855438232,1.045577049255371
1.0707201957702637,1.0665652751922607
1.048661231994629,1.1169602870941162
1.0495158433914185,1.1189302206039429
1.0447584390640259,1.1220600605010986
0.9799565672874451,1.1169018745422363
1.0427181720733643,1.0786750316619873
1.0238064527511597,1.1151787042617798
1.1192312240600586,1.0907233953475952
1.054794192314148,1.115276575088501
1.0214495658874512,1.1468842029571533
0.951403796672821,1.1474339962005615
0.9099829196929932,1.2091810703277588
0.9950098991394043,1.184281349182129
0.9914250373840332,1.1847965717315674
1.0497503280639648,1.2110215425491333
0.9727861285209656,1.238025426864624
0.9626098871231079,1.1628329753875732
0.9118707180023193,1.1580793857574463
0.9036527276039124,1.2028920650482178
0.8739542961120605,1.1956312656402588
1.0057568550109863,1.1878867149353027
1.0886224508285522,1.1920148134231567
1.1034959554672241,1.1633265018463135
0.9348921179771423,1.1912939548492432
0.8537973761558533,1.1638765335083008
0.8900386095046997,1.1962778568267822
0.9780461192131042,1.1343722343444824
1.0166438817977905,1.1003789901733398
1.0746859312057495,1.1364808082580566
0.9953124523162842,1.2252898216247559
0.9845865964889526,1.141937494277954
0.9541431665420532,1.1278033256530762
0.8746786117553711,1.1766678094863892
0.9878450036048889,1.1285133361816406
1.0625962018966675,1.1052697896957397
1.063509225845337,1.1556274890899658
1.0581707954406738,1.225412130355835
0.9916790127754211,1.1119866371154785
0.9546757340431213,1.1712646484375
1.0313377380371094,1.1357074975967407
1.0158255100250244,1.1299951076507568
0.9807208776473999,1.2318716049194336
1.0144344568252563,1.1512658596038818
1.0586847066879272,1.1909337043762207
1.1166000366210938,1.2519265413284302
1.0789507627487183,1.1818666458129883
0.9307113885879517,1.3237909078598022
0.9130367040634155,1.2593092918395996
0.9129475355148315,1.314239501953125
0.9656322002410889,1.3367152214050293
1.066024661064148,1.2780019044876099
1.0496704578399658,1.4310671091079712
0.9610811471939087,1.3955237865447998
0.8909344673156738,1.3871326446533203
0.8594568371772766,1.3131632804870605
0.904569149017334,1.39786696434021
0.9730361104011536,1.4119367599487305
1.019997477531433,1.4403259754180908
0.9499123096466064,1.4772380590438843
0.8301925659179688,1.4354417324066162
0.8159698247909546,1.4098705053329468
0.8499214053153992,1.4573228359222412
0.8432176113128662,1.4904216527938843
0.9168593883514404,1.4746999740600586
0.9864722490310669,1.4864475727081299
0.8898605108261108,1.4317090511322021
0.8408210277557373,1.3846362829208374
0.8218395709991455,1.4453232288360596
0.8634277582168579,1.4355852603912354
0.9083618521690369,1.3952648639678955
0.9254136681556702,1.3990397453308105
0.9554681777954102,1.358278512954712
0.9377151727676392,1.3918201923370361
0.8823641538619995,1.341109275817871
0.8759325742721558,1.347137212753296
