gen,disc
0.9445498585700989,1.2228028774261475
0.8993138074874878,1.249868392944336
0.9507744312286377,1.182653784751892
0.9563393592834473,1.1748697757720947
1.032891035079956,1.166837215423584
1.0264610052108765,1.2164456844329834
0.9928525686264038,1.1226062774658203
0.9589657783508301,1.2067867517471313
0.9248111248016357,1.1900311708450317
0.9721565246582031,1.2071232795715332
0.9401376843452454,1.1734471321105957
0.9813451766967773,1.2235634326934814
1.0733152627944946,1.1755434274673462
0.9410882592201233,1.204917073249817
0.9307258129119873,1.224653720855713
0.9571012258529663,1.176736831665039
0.9695942997932434,1.2023639678955078
0.991204023361206,1.1152424812316895
0.98422771692276,1.1418540477752686
0.9946767687797546,1.1763675212860107
0.9288854002952576,1.1735371351242065
0.9913719296455383,1.1887598037719727
0.9785253405570984,1.2346434593200684
0.9631590843200684,1.2093321084976196
0.9898300170898438,1.1398967504501343
0.8773073554039001,1.1398614645004272
0.9358537197113037,1.2198699712753296
0.9715085625648499,1.198422908782959
1.07322096824646,1.1880813837051392
0.9714035987854004,1.2228593826293945
0.955798864364624,1.1775386333465576
0.963511049747467,1.1907634735107422
0.893649160861969,1.1916396617889404
0.877781093120575,1.2649776935577393
0.8988221883773804,1.243412733078003
0.9702744483947754,1.1813918352127075
1.0297629833221436,1.2704967260360718
0.9931345582008362,1.2270090579986572
0.8998939394950867,1.1655023097991943
0.8432071805000305,1.2502481937408447
0.8421001434326172,1.2012149095535278
0.9682544469833374,1.147538661956787
1.0228304862976074,1.2114765644073486
1.0459706783294678,1.2320396900177002
0.9441334009170532,1.2712647914886475
0.7805379629135132,1.261238694190979
0.8107439279556274,1.2707958221435547
0.8836210370063782,1.194715976715088
0.9858656525611877,1.2417266368865967
1.0228077173233032,1.2530360221862793
0.9664962887763977,1.2208243608474731
0.8449735641479492,1.2306466102600098
0.8374390006065369,1.2628247737884521
0.8923481702804565,1.2527945041656494
0.9298322796821594,1.234135389328003
0.9299829006195068,1.2811462879180908
0.9188815951347351,1.2697362899780273
0.9493954181671143,1.2362949848175049
0.8600240349769592,1.2765642404556274
0.9285417795181274,1.2292344570159912
0.9085243940353394,1.275222897529602
0.9688391089439392,1.256472110748291
0.8831232786178589,1.3395493030548096
0.9326499104499817,1.2350622415542603
0.8944887518882751,1.2799115180969238
0.8876723051071167,1.2709017992019653
0.8859202265739441,1.327338457107544
0.9343317151069641,1.304782509803772
0.9258042573928833,1.2936010360717773
0.9281908869743347,1.2696127891540527
0.8970662951469421,1.27121901512146
0.9075860977172852,1.2369754314422607
0.9115926027297974,1.2500529289245605
0.9760018587112427,1.2481611967086792
0.924974799156189,1.3026926517486572
0.8955128192901611,1.2541593313217163
0.9365561604499817,1.216172456741333
0.9822574853897095,1.2130515575408936
0.948171854019165,1.2675871849060059
0.9645955562591553,1.217954158782959
0.8596206903457642,1.2807462215423584
0.8888557553291321,1.2311583757400513
0.9054125547409058,1.2697758674621582
0.9766084551811218,1.1927967071533203
0.9746410846710205,1.2247744798660278
0.9367642402648926,1.1859750747680664
0.9508427977561951,1.1925325393676758
0.952343225479126,1.215956211090088
1.021823763847351,1.1657164096832275
0.9791991114616394,1.2006767988204956
0.9341245889663696,1.163921594619751
0.9677658677101135,1.1655691862106323
0.9866546988487244,1.1617697477340698
0.9813785552978516,1.1760281324386597
1.0186253786087036,1.152704119682312
1.0123698711395264,1.132751226425171
0.9621433615684509,1.201506495475769
0.9515726566314697,1.1969401836395264
0.9837788939476013,1.1884880065917969
0.9750609397888184,1.1557230949401855
0.9360734224319458,1.1882535219192505
0.9592853784561157,1.2130961418151855
1.0176880359649658,1.1456856727600098
0.9456080794334412,1.207899808883667
0.9366898536682129,1.1595110893249512
0.9439257383346558,1.2175464630126953
0.9909974336624146,1.1633840799331665
0.9218717813491821,1.2348895072937012
0.9878889322280884,1.1276047229766846
0.9984509944915771,1.1711872816085815
1.029581069946289,1.2283780574798584
0.9797303676605225,1.148871660232544
0.92092365026474,1.1799108982086182
0.9354288578033447,1.16261625289917
0.9721500873565674,1.142472743988037
1.0064226388931274,1.1630431413650513
1.0539190769195557,1.22926664352417
0.9937036633491516,1.2381138801574707
0.9023995399475098,1.1841955184936523
0.8903926610946655,1.1655118465423584
0.9398818016052246,1.1392154693603516
1.062335729598999,1.1786526441574097
1.0695910453796387,1.1822001934051514
1.1008706092834473,1.1738990545272827
1.0210119485855103,1.1356916427612305
0.9178118705749512,1.180824637413025
0.9760328531265259,1.1305267810821533
0.9881782531738281,1.223010540008545
1.0577185153961182,1.1923547983169556
1.0288671255111694,1.223667860031128
0.9674690365791321,1.1504158973693848
0.9313069581985474,1.2533345222473145
1.0152666568756104,1.1545357704162598
0.9681355953216553,1.225197672843933
0.9655369520187378,1.2172670364379883
1.0756734609603882,1.1951723098754883
0.9985312819480896,1.284799337387085
0.9342342615127563,1.2742066383361816
0.9274542331695557,1.225411295890808
0.8477419018745422,1.2715126276016235
0.9457504153251648,1.242884874343872
1.0277915000915527,1.2581366300582886
1.0061918497085571,1.2912304401397705
0.9104734063148499,1.234752893447876
0.9238077402114868,1.3177039623260498
0.9412164688110352,1.2353198528289795
0.9589101076126099,1.2734782695770264
0.9480852484703064,1.2394967079162598
0.9909470081329346,1.2977997064590454
0.9599093198776245,1.255934476852417
0.9195564985275269,1.3110768795013428
0.8632982969284058,1.244537353515625
0.8843421339988708,1.3019160032272339
0.905974268913269,1.26216721534729
1.0332614183425903,1.2977945804595947
0.9839571118354797,1.2591583728790283
0.9284375309944153,1.285003662109375
0.8359540104866028,1.2590155601501465
0.8221327662467957,1.3471858501434326
0.8756508827209473,1.270499587059021
0.9811950922012329,1.229920506477356
1.0004966259002686,1.2688578367233276
1.0115596055984497,1.2575130462646484
0.8875604271888733,1.3273108005523682
0.7883445620536804,1.286589503288269
0.8280916810035706,1.2986764907836914
0.9506813287734985,1.2995667457580566
1.0042023658752441,1.206005334854126
0.927204966545105,1.2934808731079102
0.8840821981430054,1.288792610168457
0.8636482954025269,1.3009536266326904
0.8527050614356995,1.3284305334091187
0.8851131796836853,1.213809847831726
0.9501737952232361,1.2249133586883545
1.0141236782073975,1.240106463432312
0.9281837344169617,1.2585234642028809
0.9244461059570312,1.2144427299499512
0.8697693347930908,1.2037527561187744
0.8721830248832703,1.2421822547912598
0.9020047783851624,1.257157564163208
0.9782685041427612,1.260901927947998
0.9634380340576172,1.2792751789093018
0.9246191382408142,1.2490859031677246
0.8771666288375854,1.2647933959960938
0.8878802061080933,1.2901561260223389
0.861051082611084,1.2700855731964111
0.9168605804443359,1.273260235786438
0.9371610283851624,1.2709729671478271
0.9432496428489685,1.242603063583374
0.9051955342292786,1.282156229019165
0.9044341444969177,1.2994786500930786
0.8647899627685547,1.2558791637420654
0.8809558749198914,1.2444336414337158
0.914960503578186,1.2676753997802734
0.9493510127067566,1.275252342224121
0.9570828676223755,1.214613914489746
0.9004008173942566,1.2146871089935303
0.8602089881896973,1.264512062072754
0.8557157516479492,1.242249608039856
0.937569260597229,1.2152596712112427
1.0075280666351318,1.2211745977401733
0.9781802892684937,1.2148354053497314
0.8906976580619812,1.2343811988830566
0.9042219519615173,1.2445096969604492
0.8983626365661621,1.2196969985961914
0.9140419363975525,1.219967007637024
0.9612522721290588,1.2108057737350464
0.9900433421134949,1.1833782196044922
0.9491684436798096,1.1900146007537842
0.9589635729789734,1.2418802976608276
0.958855390548706,1.205198049545288
0.9203829169273376,1.217759609222412
0.8985811471939087,1.252095341682434
0.9083825349807739,1.1660995483398438
0.9347864985466003,1.2012972831726074
0.9555824995040894,1.192553162574768
0.9602129459381104,1.2017161846160889
0.9341592788696289,1.2279480695724487
0.9618882536888123,1.1788554191589355
0.9188530445098877,1.2525779008865356
0.9276636838912964,1.2157819271087646
0.9443637132644653,1.1926815509796143
0.9585810899734497,1.2101012468338013
0.9888946413993835,1.1701486110687256
0.9545639753341675,1.2037923336029053
0.9592726826667786,1.1763508319854736
0.920413613319397,1.2111475467681885
0.9452619552612305,1.2620604038238525
0.9327219724655151,1.208275556564331
0.8859831094741821,1.162062168121338
0.9489231109619141,1.2600150108337402
0.9602607488632202,1.1706470251083374
1.0649977922439575,1.185753583908081
1.0320491790771484,1.1847772598266602
0.968849241733551,1.18605637550354
