gen,disc
0.9291433691978455,1.2406843900680542
1.004325032234192,1.1967867612838745
0.9630181789398193,1.2228745222091675
1.019620418548584,1.2066004276275635
0.9435389637947083,1.2455179691314697
0.9120460152626038,1.204883098602295
0.9222345352172852,1.1861053705215454
1.0315133333206177,1.1664916276931763
1.0751663446426392,1.1792795658111572
0.9938269853591919,1.1833088397979736
1.0185954570770264,1.164337396621704
0.927350640296936,1.2342485189437866
0.967260479927063,1.1738672256469727
0.9778281450271606,1.1893045902252197
0.9812420606613159,1.166607141494751
1.0338900089263916,1.1786917448043823
1.0073179006576538,1.1385256052017212
1.0279607772827148,1.1991543769836426
1.0286369323730469,1.1684404611587524
0.9977841973304749,1.1305439472198486
0.9982306957244873,1.156921625137329
1.0241601467132568,1.1818288564682007
1.0451867580413818,1.1719647645950317
0.9933992028236389,1.1625150442123413
0.9867345094680786,1.172232985496521
1.1026567220687866,1.0811691284179688
1.08726966381073,1.0978429317474365
1.1134552955627441,1.1844637393951416
1.0475138425827026,1.1560676097869873
0.9935353994369507,1.1503260135650635
1.0195231437683105,1.1386997699737549
0.9485703706741333,1.145333170890808
1.0082560777664185,1.1330468654632568
1.0690603256225586,1.0925337076187134
1.202049732208252,1.1715383529663086
1.1338058710098267,1.1853265762329102
1.017327904701233,1.169857144355774
0.9497960209846497,1.170292615890503
0.9268709421157837,1.144810438156128
1.0360957384109497,1.065259575843811
1.072855830192566,1.1838442087173462
1.2253960371017456,1.1578022241592407
1.2102997303009033,1.1676499843597412
0.9822764992713928,1.123741865158081
0.9376260042190552,1.1191904544830322
0.9645697474479675,1.117593765258789
0.9917542934417725,1.1642365455627441
1.190934658050537,1.135695219039917
1.1578943729400635,1.178584337234497
1.0891709327697754,1.1713632345199585
0.9777553081512451,1.2612603902816772
0.9255759119987488,1.1241490840911865
0.9153730869293213,1.1916552782058716
1.0759731531143188,1.140462875366211
1.1273348331451416,1.1784498691558838
1.1786746978759766,1.1416113376617432
1.1085375547409058,1.1449487209320068
0.925966739654541,1.1704084873199463
0.9159188270568848,1.2233085632324219
0.9544897079467773,1.1493279933929443
1.0273135900497437,1.159055471420288
1.1938204765319824,1.171020746231079
1.1686155796051025,1.1855411529541016
1.0493431091308594,1.1563379764556885
0.8390570282936096,1.2194266319274902
0.9047302007675171,1.2197668552398682
0.9665178656578064,1.2188341617584229
1.1618306636810303,1.1562691926956177
1.145317554473877,1.17197585105896
0.9921144247055054,1.1687315702438354
0.9360461831092834,1.1663239002227783
0.8705382347106934,1.2379825115203857
1.0795819759368896,1.2013416290283203
1.1078187227249146,1.1643728017807007
1.1370723247528076,1.1980843544006348
1.0414012670516968,1.181732416152954
0.919893205165863,1.1744303703308105
0.9795952439308167,1.2067067623138428
0.9560905694961548,1.1774773597717285
1.0484740734100342,1.2335586547851562
1.0752253532409668,1.2556886672973633
1.100054383277893,1.2385921478271484
1.0912730693817139,1.150578260421753
0.8726205825805664,1.2864911556243896
0.8842521905899048,1.1967092752456665
0.8975039720535278,1.2023344039916992
1.0246877670288086,1.2346479892730713
1.2427293062210083,1.2110750675201416
1.0837138891220093,1.199826955795288
0.9837540984153748,1.2421622276306152
0.8699909448623657,1.1929621696472168
0.8792961239814758,1.2031080722808838
1.0060105323791504,1.19638192653656
1.0752094984054565,1.2589688301086426
1.1912240982055664,1.1424939632415771
1.0333293676376343,1.2038309574127197
0.9345689415931702,1.236811637878418
0.8980495929718018,1.2631157636642456
0.9171081185340881,1.1905646324157715
0.9846017360687256,1.239896535873413
0.9854540824890137,1.2386741638183594
1.0358275175094604,1.2227859497070312
1.0484169721603394,1.1644823551177979
1.037853479385376,1.1832573413848877
0.9546540975570679,1.2640104293823242
0.9373061060905457,1.2472813129425049
0.998079240322113,1.1933009624481201
0.987513542175293,1.2168736457824707
1.0700905323028564,1.2059521675109863
1.09168541431427,1.2405027151107788
1.029618263244629,1.2109646797180176
0.9374250769615173,1.2714152336120605
0.8793288469314575,1.2733497619628906
0.9562878608703613,1.1951842308044434
0.9331537485122681,1.2816996574401855
1.0295991897583008,1.254172682762146
1.0555856227874756,1.2320858240127563
1.0742541551589966,1.2286577224731445
0.9458099603652954,1.2568963766098022
0.8979008197784424,1.2369112968444824
0.9072510004043579,1.271427035331726
0.9920946359634399,1.297178864479065
0.9611203074455261,1.3364417552947998
0.9546654224395752,1.2554385662078857
1.0346530675888062,1.286195993423462
0.9704416990280151,1.252500057220459
0.9197185635566711,1.2899484634399414
0.979022741317749,1.250058889389038
0.9919459223747253,1.264898419380188
0.91112220287323,1.2565075159072876
1.0229352712631226,1.228381872177124
0.9410300254821777,1.283989429473877
0.9733269810676575,1.2856402397155762
1.0247763395309448,1.2058886289596558
0.9690738320350647,1.2547029256820679
0.9335511922836304,1.2761698961257935
0.9192192554473877,1.2583494186401367
0.9268392324447632,1.3271790742874146
0.9761940240859985,1.2985773086547852
0.9886156320571899,1.2835047245025635
0.991531252861023,1.3779146671295166
0.9717799425125122,1.2306628227233887
0.9154343605041504,1.3126542568206787
0.8814696073532104,1.2487373352050781
0.9911777973175049,1.2505048513412476
1.0182301998138428,1.2179150581359863
1.0060967206954956,1.2860889434814453
1.0111042261123657,1.3098570108413696
1.0330123901367188,1.2520216703414917
0.938125729560852,1.2763994932174683
0.9490938186645508,1.2582926750183105
0.9256067276000977,1.2403545379638672
1.0147188901901245,1.2487114667892456
0.9708375930786133,1.2894823551177979
0.9483920335769653,1.2558720111846924
0.9667937755584717,1.2664806842803955
0.9135061502456665,1.348280429840088
1.0084500312805176,1.232804298400879
0.9448039531707764,1.24643075466156
0.9919017553329468,1.2230629920959473
1.0275895595550537,1.2312474250793457
0.9778949022293091,1.1906657218933105
0.977058470249176,1.204193115234375
0.9532336592674255,1.1823034286499023
1.0821033716201782,1.170693278312683
1.0362416505813599,1.2283520698547363
1.0014983415603638,1.1795458793640137
0.9716110825538635,1.21046781539917
0.9721907377243042,1.1832538843154907
1.0452461242675781,1.1450140476226807
1.0212587118148804,1.1788139343261719
1.111396312713623,1.1432363986968994
1.0438413619995117,1.1263312101364136
0.9409463405609131,1.1960952281951904
0.9550752639770508,1.1571438312530518
1.0271000862121582,1.1431695222854614
1.0118496417999268,1.174631953239441
1.070457935333252,1.1304980516433716
0.9891189336776733,1.1512727737426758
1.0461195707321167,1.1883713006973267
1.0152463912963867,1.1301283836364746
0.9939649701118469,1.135265827178955
1.0044585466384888,1.153613805770874
1.0671894550323486,1.1143798828125
1.1538459062576294,1.0784084796905518
1.1049864292144775,1.11057448387146
1.0385422706604004,1.1691093444824219
0.9736053943634033,1.1553561687469482
0.9328522682189941,1.171618938446045
0.9236571788787842,1.1725742816925049
0.9827016592025757,1.1476058959960938
1.1099152565002441,1.1277897357940674
1.1676766872406006,1.1667087078094482
1.0937224626541138,1.1636877059936523
0.9527934193611145,1.140192985534668
0.9594959020614624,1.1552774906158447
0.9365408420562744,1.1627483367919922
0.9606545567512512,1.1995906829833984
1.0622785091400146,1.1210963726043701
1.1328625679016113,1.1301252841949463
1.1641422510147095,1.1467795372009277
1.0772181749343872,1.1772465705871582
1.0303635597229004,1.12858247756958
0.9316264390945435,1.1836079359054565
0.9664013385772705,1.1858587265014648
0.9450329542160034,1.1752818822860718
1.0592538118362427,1.1250061988830566
1.0854676961898804,1.191469430923462
1.1943798065185547,1.182767629623413
1.1509076356887817,1.1368961334228516
1.0720082521438599,1.1257975101470947
1.006838083267212,1.100203514099121
0.8770781755447388,1.145857810974121
0.9107364416122437,1.1992244720458984
1.0762845277786255,1.1530447006225586
1.169160008430481,1.2250193357467651
1.1846039295196533,1.136759638786316
1.1778095960617065,1.128918170928955
1.03705632686615,1.2367520332336426
0.9011774063110352,1.2830300331115723
0.9651028513908386,1.1794174909591675
1.0064665079116821,1.2001254558563232
1.0431320667266846,1.2092194557189941
1.1057323217391968,1.1697014570236206
1.1023772954940796,1.2352757453918457
1.0226346254348755,1.3099923133850098
1.0191376209259033,1.2317116260528564
0.9355016946792603,1.2548658847808838
0.9034519791603088,1.2452704906463623
0.9962847232818604,1.2588282823562622
0.9960793852806091,1.2548937797546387
1.0415750741958618,1.2774040699005127
1.066610336303711,1.301358938217163
0.9848472476005554,1.3077640533447266
0.9435383081436157,1.2965312004089355
