gen,disc
1.0683212280273438,1.1830525398254395
1.1276530027389526,1.2375874519348145
1.0073139667510986,1.1804420948028564
1.0722039937973022,1.1715517044067383
1.0963853597640991,1.190954327583313
1.129068374633789,1.240248441696167
1.1348216533660889,1.1895397901535034
1.0545426607131958,1.163985252380371
0.9541889429092407,1.2862308025360107
1.0055646896362305,1.2703723907470703
1.0420565605163574,1.2789030075073242
1.1169804334640503,1.1837621927261353
1.0110409259796143,1.316028118133545
1.0376273393630981,1.2618554830551147
1.0575366020202637,1.285904884338379
1.0205262899398804,1.1915321350097656
0.9900302290916443,1.3223240375518799
1.1173055171966553,1.2231703996658325
1.0280970335006714,1.2478867769241333
0.9538065195083618,1.345897912979126
0.9558430910110474,1.2902376651763916
0.9612039923667908,1.2702982425689697
0.9333589673042297,1.3949130773544312
1.1165112257003784,1.2584917545318604
1.0793795585632324,1.258636474609375
0.9649108052253723,1.3246374130249023
0.8992385864257812,1.2825853824615479
0.8846151828765869,1.2633056640625
1.076612949371338,1.3754820823669434
1.0708342790603638,1.3657441139221191
0.9718763828277588,1.3095405101776123
0.8356183171272278,1.2549782991409302
0.9334185123443604,1.2823426723480225
1.110508680343628,1.3519647121429443
1.131203532218933,1.2486251592636108
0.9551758170127869,1.3880767822265625
0.833816409111023,1.310492753982544
0.8341994881629944,1.2531306743621826
1.0286002159118652,1.2385700941085815
1.1363976001739502,1.3081432580947876
1.0833371877670288,1.4140067100524902
1.038236379623413,1.2415571212768555
0.7446433305740356,1.3657341003417969
0.8150357007980347,1.2632114887237549
0.9970337152481079,1.2606096267700195
1.1492009162902832,1.3025157451629639
1.1853076219558716,1.2534074783325195
1.0395959615707397,1.2029038667678833
0.8230038285255432,1.2970614433288574
0.8698613047599792,1.1896737813949585
0.9549320936203003,1.255324125289917
1.1593561172485352,1.2279070615768433
1.2716586589813232,1.1936404705047607
1.070113182067871,1.155395269393921
1.0024532079696655,1.0982961654663086
0.9280346035957336,1.1668590307235718
0.9641715288162231,1.1615331172943115
1.086159586906433,1.1590869426727295
1.275823950767517,1.0895142555236816
1.2339717149734497,1.2006847858428955
1.0211336612701416,1.154257893562317
0.8841907978057861,1.1059596538543701
0.9669495224952698,1.1151549816131592
1.095320701599121,1.1311655044555664
1.172001838684082,1.0430272817611694
1.2831493616104126,1.0296902656555176
1.2518067359924316,1.0605766773223877
1.0547634363174438,1.0686650276184082
1.013237714767456,1.078735113143921
1.0000249147415161,1.1059715747833252
1.0253410339355469,1.063399314880371
1.194244146347046,1.016025424003601
1.3002703189849854,0.9724123477935791
1.34905207157135,1.0297744274139404
1.3029310703277588,0.9621578454971313
1.006823182106018,1.0394949913024902
1.0606814622879028,1.0270121097564697
1.1280298233032227,1.0406460762023926
1.1330004930496216,1.0448319911956787
1.2748397588729858,0.9679396152496338
1.1939364671707153,1.0406756401062012
1.2061705589294434,0.9974937438964844
1.204367756843567,0.9597337245941162
1.2206907272338867,0.9451574087142944
1.117701530456543,0.9610872268676758
1.2041512727737427,0.9661111831665039
1.2149581909179688,0.9533026218414307
1.221300721168518,0.9761841297149658
1.2294195890426636,0.9797606468200684
1.247564673423767,0.9448923468589783
1.2018672227859497,0.9844465255737305
1.2442606687545776,0.912068784236908
1.168700098991394,0.9404861330986023
1.1687278747558594,1.0525869131088257
1.2977075576782227,0.9389792680740356
1.2251858711242676,0.9843843579292297
1.2503081560134888,0.9736453890800476
1.2580533027648926,0.9688286781311035
1.1643986701965332,0.9525795578956604
1.1649911403656006,0.9643346071243286
1.3245505094528198,0.9985232949256897
1.2595480680465698,0.9686943292617798
1.2357258796691895,0.978902280330658
1.1998224258422852,0.9771822690963745
1.171431541442871,1.0799171924591064
1.1638084650039673,1.0810363292694092
1.1590166091918945,1.053594708442688
1.1527290344238281,1.0401841402053833
1.2359429597854614,1.0455362796783447
1.2375115156173706,0.9313629865646362
1.2332112789154053,1.0841010808944702
1.0858420133590698,1.0400254726409912
1.2096444368362427,1.038062572479248
1.1659971475601196,1.0538561344146729
1.1920759677886963,1.0932073593139648
1.1406114101409912,1.1001362800598145
1.0965690612792969,1.110398530960083
1.148632526397705,1.0396003723144531
1.1581225395202637,1.0203227996826172
1.248199701309204,1.0767239332199097
1.2685209512710571,1.0335639715194702
1.1619874238967896,1.0475568771362305
1.1367567777633667,1.1083276271820068
1.1019941568374634,1.1407384872436523
1.010151982307434,1.138211727142334
1.1195333003997803,1.1522023677825928
1.1206529140472412,1.1520297527313232
1.1496176719665527,1.119674563407898
1.1966454982757568,1.1053197383880615
1.0764479637145996,1.2036612033843994
1.0760267972946167,1.2613282203674316
1.0032540559768677,1.20174241065979
1.0514729022979736,1.256521224975586
1.0259528160095215,1.1405552625656128
1.1250286102294922,1.2593841552734375
1.1089272499084473,1.260143756866455
1.0496418476104736,1.1972404718399048
0.9717427492141724,1.2650232315063477
1.0699139833450317,1.1893830299377441
1.0445953607559204,1.1720143556594849
1.0322890281677246,1.307448148727417
1.02527916431427,1.3607182502746582
0.9785885810852051,1.283177375793457
0.8704864978790283,1.352778673171997
0.9705343246459961,1.2932299375534058
1.051467776298523,1.3187181949615479
1.0813302993774414,1.4165830612182617
1.0153982639312744,1.3504114151000977
0.7889201045036316,1.4035353660583496
0.772765040397644,1.4430040121078491
0.926816999912262,1.440597414970398
1.149409294128418,1.3873605728149414
1.049057126045227,1.4156904220581055
0.8342769742012024,1.510475754737854
0.8014272451400757,1.4077715873718262
0.7947622537612915,1.4982929229736328
0.9634852409362793,1.5005781650543213
0.8826143741607666,1.4406177997589111
0.931130051612854,1.4279931783676147
0.8848614692687988,1.5076572895050049
0.896270751953125,1.3696473836898804
0.846367359161377,1.3792515993118286
0.7860211133956909,1.4989744424819946
0.9233149290084839,1.421879768371582
1.02796471118927,1.451965570449829
0.8377071619033813,1.3796194791793823
0.7824891805648804,1.4043190479278564
0.8184274435043335,1.4103505611419678
0.9188353419303894,1.406722068786621
0.9618037939071655,1.379948616027832
0.9354521036148071,1.3362358808517456
0.9312205910682678,1.3458788394927979
0.8430900573730469,1.350386381149292
0.8935502767562866,1.3702000379562378
0.9405727386474609,1.318045973777771
0.9842637181282043,1.276313066482544
0.9032217264175415,1.2793858051300049
0.9258719086647034,1.3049265146255493
0.9552919864654541,1.2845711708068848
0.9905908703804016,1.2102023363113403
0.9261249303817749,1.2525240182876587
0.9641349911689758,1.267986536026001
1.0091488361358643,1.1801328659057617
0.9982398748397827,1.1893632411956787
0.9715636968612671,1.2256749868392944
0.9419436454772949,1.1611590385437012
0.923062264919281,1.2404236793518066
1.016275405883789,1.1615591049194336
1.1067094802856445,1.1252734661102295
1.063650131225586,1.113094449043274
1.0224416255950928,1.0960273742675781
0.9906288981437683,1.1575496196746826
1.0443435907363892,1.103894829750061
1.0554782152175903,1.1005818843841553
1.020308494567871,1.143354892730713
1.0432466268539429,1.1277166604995728
1.0685629844665527,1.0964393615722656
1.0926826000213623,1.0078364610671997
1.1095941066741943,1.0475521087646484
1.1678954362869263,1.0935667753219604
1.115515112876892,1.071533203125
1.0410664081573486,1.1118301153182983
1.0645678043365479,1.060405969619751
1.07990562915802,1.009767770767212
1.0964734554290771,0.9955522418022156
1.0533933639526367,1.0584770441055298
1.1819096803665161,1.057959794998169
1.09276282787323,1.0539219379425049
1.121812343597412,1.058708906173706
1.0908628702163696,1.0416533946990967
1.0987261533737183,1.012463092803955
1.041331171989441,1.0463136434555054
1.1422560214996338,1.019437551498413
1.1110906600952148,1.065356731414795
1.234892725944519,1.034482479095459
1.126932144165039,0.9993429183959961
1.081125259399414,1.0015625953674316
1.0460463762283325,1.0570917129516602
1.1544240713119507,1.0424479246139526
1.1357425451278687,1.0187366008758545
1.1286303997039795,1.0921766757965088
1.056836485862732,1.078040361404419
1.0824387073516846,1.085128903388977
1.0497190952301025,1.069727897644043
1.1034839153289795,1.09751558303833
1.108054518699646,1.082125186920166
1.1089386940002441,1.0769143104553223
1.0176310539245605,1.086085319519043
1.128818154335022,1.0069843530654907
1.160587191581726,1.0557308197021484
1.228982925415039,1.023901343345642
1.1246589422225952,1.0310676097869873
0.9939426779747009,1.0543819665908813
1.0991424322128296,1.0609322786331177
1.2049039602279663,1.0630435943603516
