gen,disc
0.9831549525260925,1.0794329643249512
0.8951912522315979,1.1576483249664307
0.9865942001342773,1.194262981414795
1.1993380784988403,1.0989925861358643
1.2778491973876953,1.236209511756897
1.0052891969680786,1.1892478466033936
0.9058419466018677,1.1857588291168213
0.8352358341217041,1.275691032409668
0.9404470920562744,1.2132914066314697
1.0855824947357178,1.2104475498199463
1.0462865829467773,1.2604669332504272
1.0043549537658691,1.216825246810913
0.9405383467674255,1.2669475078582764
0.8906763195991516,1.1730265617370605
0.8382492065429688,1.239506721496582
0.9839149713516235,1.3092281818389893
1.0061248540878296,1.325801134109497
1.0007981061935425,1.1787532567977905
0.927780270576477,1.2041492462158203
0.851620614528656,1.2204632759094238
0.921832799911499,1.2817342281341553
0.9651470184326172,1.242457628250122
1.0198330879211426,1.2240736484527588
0.9524441957473755,1.212256669998169
0.9027214050292969,1.1744890213012695
1.0017378330230713,1.2266252040863037
0.9634672999382019,1.208277940750122
0.9414127469062805,1.2394983768463135
0.9496665000915527,1.1974990367889404
1.0086917877197266,1.1631395816802979
1.043035626411438,1.1273657083511353
1.0029181241989136,1.1590421199798584
1.0521951913833618,1.1234605312347412
1.0919392108917236,1.1182835102081299
1.0301964282989502,1.209391713142395
1.0476834774017334,1.1673334836959839
1.0148295164108276,1.131882905960083
1.0583637952804565,1.1077731847763062
1.098119854927063,1.1255881786346436
1.1083077192306519,1.0780868530273438
1.0731334686279297,1.2146978378295898
1.0137081146240234,1.0981731414794922
1.0191583633422852,1.1358332633972168
1.05536949634552,1.1163330078125
1.0666431188583374,1.1485328674316406
1.1011861562728882,1.1651350259780884
1.117754340171814,1.2214314937591553
1.117293357849121,1.0933606624603271
1.0337389707565308,1.2173433303833008
1.0149738788604736,1.1932989358901978
0.979489266872406,1.2144129276275635
1.0710910558700562,1.1461608409881592
1.1320925951004028,1.1561017036437988
1.1515867710113525,1.2119712829589844
1.0672250986099243,1.1988391876220703
0.977852463722229,1.209089994430542
0.9950222373008728,1.100602388381958
1.0664058923721313,1.2205215692520142
1.1351499557495117,1.1523711681365967
1.1350314617156982,1.1508052349090576
1.0852584838867188,1.1200892925262451
1.1082645654678345,1.0572805404663086
1.1165567636489868,1.0739669799804688
1.1274425983428955,1.098002314567566
1.2548905611038208,1.0042959451675415
1.1299099922180176,1.0353041887283325
1.163846731185913,1.059965968132019
1.0944209098815918,1.0121746063232422
1.1152435541152954,0.9930728673934937
1.2535295486450195,0.9503167867660522
1.3078035116195679,0.9599212408065796
1.3273988962173462,0.9350109100341797
1.2487303018569946,0.9809806942939758
1.1638883352279663,0.9412820935249329
1.1135085821151733,0.921493411064148
1.2430415153503418,0.9327152967453003
1.3391838073730469,0.943341851234436
1.3462971448898315,0.9383631944656372
1.2197109460830688,0.9898951053619385
1.1918119192123413,0.9905542135238647
1.1388704776763916,0.9650490283966064
1.2952443361282349,0.9247832298278809
1.2959092855453491,0.8749486207962036
1.3294087648391724,0.9477556943893433
1.3783544301986694,0.9581558704376221
1.2360342741012573,0.9804990291595459
1.0686262845993042,0.9720140695571899
1.0809171199798584,1.0084482431411743
1.3058791160583496,1.0426521301269531
1.2657495737075806,1.027362585067749
1.2228702306747437,1.0982298851013184
1.1700905561447144,1.0752589702606201
0.9877684712409973,1.1459767818450928
1.1149964332580566,1.08695650100708
1.1021016836166382,1.1695516109466553
1.1218324899673462,1.1095614433288574
1.1426031589508057,1.1163779497146606
1.118529200553894,1.1335153579711914
1.081697702407837,1.187187910079956
0.9685329794883728,1.2167701721191406
0.9744454622268677,1.2268450260162354
1.0499157905578613,1.202467918395996
1.0468195676803589,1.2164130210876465
0.9884886741638184,1.304025411605835
1.0591912269592285,1.1883134841918945
0.9318750500679016,1.3257699012756348
1.0356754064559937,1.240250587463379
0.9296810030937195,1.2726579904556274
0.9539054036140442,1.3614877462387085
0.9493328928947449,1.3076815605163574
0.9473835825920105,1.2805501222610474
0.8748016357421875,1.3265525102615356
0.9389306306838989,1.2473397254943848
0.9485433101654053,1.2858223915100098
0.9948616027832031,1.239062786102295
1.045860767364502,1.2371695041656494
0.9632253646850586,1.292362928390503
0.8782773017883301,1.3140678405761719
0.8524572253227234,1.1998934745788574
1.005005955696106,1.137706995010376
1.069278359413147,1.1900209188461304
1.1386299133300781,1.1991181373596191
1.0946213006973267,1.1545852422714233
0.938568115234375,1.225466251373291
0.9365206956863403,1.1683933734893799
0.9590120315551758,1.1639094352722168
0.9935895204544067,1.126081943511963
1.0658694505691528,1.1017169952392578
1.0551153421401978,1.1302365064620972
1.2228766679763794,1.0953338146209717
1.0603185892105103,1.1528955698013306
1.0989214181900024,1.0550177097320557
1.1507282257080078,1.0360420942306519
1.0007429122924805,1.0801777839660645
1.032414197921753,1.0309035778045654
1.162441611289978,1.0606086254119873
1.1504321098327637,1.0984055995941162
1.192028522491455,1.0523896217346191
1.1418941020965576,1.0306591987609863
1.1619701385498047,1.0109844207763672
1.1184946298599243,1.0593457221984863
1.1606125831604004,1.0025970935821533
1.1505228281021118,1.037693738937378
1.2624258995056152,1.0240904092788696
1.1910343170166016,1.0437891483306885
1.2278285026550293,0.9864196181297302
1.1025464534759521,1.0267901420593262
1.1425251960754395,1.0010437965393066
1.1782342195510864,1.0710153579711914
1.2675247192382812,1.0090737342834473
1.2177468538284302,1.0139933824539185
1.2059863805770874,0.9998531341552734
1.1949403285980225,1.0569695234298706
1.1338878870010376,1.051965355873108
1.0821611881256104,1.0275599956512451
1.178126573562622,1.0088062286376953
1.2545934915542603,0.9915080070495605
1.179575800895691,0.9995708465576172
1.2112833261489868,0.9708346128463745
1.1662238836288452,1.033965826034546
1.236991286277771,1.0103545188903809
1.1597174406051636,0.9967890977859497
1.160433292388916,1.006611704826355
1.1669920682907104,1.0123047828674316
1.1849616765975952,1.0251610279083252
1.1958000659942627,0.9586706757545471
1.1526967287063599,1.078165888786316
1.1775591373443604,1.018699049949646
1.2157118320465088,0.9852027893066406
1.197853446006775,1.00527024269104
1.170539140701294,1.0035815238952637
1.0910176038742065,1.0206940174102783
1.2069894075393677,1.0192478895187378
1.267288327217102,0.9487403631210327
1.2000470161437988,0.9778455495834351
1.261401653289795,0.9664735794067383
1.2286134958267212,0.9775447845458984
1.2556840181350708,0.927140474319458
1.106835126876831,1.019121766090393
1.1840416193008423,0.9336133003234863
1.2043626308441162,0.9704035520553589
1.261479139328003,0.9628078937530518
1.2838190793991089,0.9535242915153503
1.2237492799758911,0.9945889711380005
1.200825572013855,0.94517982006073
1.1610883474349976,0.9552576541900635
1.1963346004486084,0.9960221648216248
1.2531235218048096,0.963447093963623
1.3651907444000244,0.9529749751091003
1.2064639329910278,0.9368013739585876
1.1539862155914307,0.9504820108413696
1.2331769466400146,0.967866837978363
1.2391204833984375,0.9908066987991333
1.2635998725891113,0.9890611171722412
1.2123781442642212,0.9862169027328491
1.2136101722717285,0.9548057317733765
1.158579707145691,1.0693800449371338
1.3102647066116333,0.9716507196426392
1.1990306377410889,1.0617886781692505
1.2557892799377441,0.9750795364379883
1.1818547248840332,1.0130153894424438
1.148667812347412,1.0294616222381592
1.223288655281067,1.0632352828979492
1.216104507446289,1.0165176391601562
1.1784673929214478,1.0478405952453613
1.1904505491256714,1.060387372970581
1.1507278680801392,1.029694676399231
1.0988528728485107,1.0826478004455566
1.1268956661224365,1.1277070045471191
1.1366198062896729,1.0886671543121338
1.1836800575256348,1.063965082168579
1.1959890127182007,1.0740901231765747
1.1557940244674683,1.0988303422927856
1.086364984512329,1.1151237487792969
1.0469529628753662,1.1314079761505127
1.0851759910583496,1.1040515899658203
1.1889071464538574,1.1315354108810425
1.2798179388046265,1.1850736141204834
1.1226716041564941,1.1599457263946533
0.9959395527839661,1.134668231010437
1.018008828163147,1.1540496349334717
1.0461323261260986,1.152902364730835
1.205640435218811,1.1241813898086548
1.1913070678710938,1.1657915115356445
1.17779541015625,1.1367645263671875
1.0587489604949951,1.1309460401535034
0.9385669231414795,1.1405483484268188
1.0801846981048584,1.182218313217163
1.1983524560928345,1.113602876663208
1.2316004037857056,1.1896055936813354
1.138795018196106,1.1180438995361328
1.0921440124511719,1.0864686965942383
1.057233214378357,1.0971252918243408
1.1316617727279663,1.081923484802246
1.142654538154602,1.133021354675293
