gen,disc
0.9228441715240479,1.3113707304000854
0.9297466278076172,1.2892568111419678
0.922062873840332,1.1732947826385498
0.8920711874961853,1.212106466293335
0.9124065637588501,1.1668798923492432
0.940437912940979,1.0823867321014404
0.9327958226203918,1.1435314416885376
1.023622989654541,1.1387584209442139
1.0967769622802734,1.0387365818023682
1.1270033121109009,1.024100422859192
1.1934053897857666,1.0279488563537598
1.146346926689148,0.9924363493919373
1.2262909412384033,1.0013213157653809
1.1718699932098389,1.0257341861724854
1.1845029592514038,1.0371869802474976
1.1679645776748657,1.0020263195037842
1.225210428237915,0.996849536895752
1.3161160945892334,0.8799539804458618
1.3560622930526733,0.9711200594902039
1.4258761405944824,0.8950964212417603
1.3713563680648804,0.929496169090271
1.3603408336639404,1.0262346267700195
1.221352458000183,0.9608625173568726
1.1854772567749023,0.9844317436218262
1.227759599685669,1.033468246459961
1.2396082878112793,1.0808409452438354
1.3099216222763062,1.1087127923965454
1.3123512268066406,1.1460504531860352
1.2366284132003784,1.3175265789031982
1.1934821605682373,1.2545368671417236
1.0952188968658447,1.2315974235534668
0.9357470870018005,1.3283085823059082
1.0025006532669067,1.335402250289917
1.0873804092407227,1.3227429389953613
1.0906121730804443,1.4790008068084717
1.0662877559661865,1.46485435962677
0.9150509238243103,1.60062837600708
0.9502694606781006,1.4108855724334717
0.8681088089942932,1.4699492454528809
0.9487326741218567,1.508994221687317
1.0148109197616577,1.450821876525879
0.9797771573066711,1.3903717994689941
0.9343864917755127,1.3715145587921143
0.8961595892906189,1.389365792274475
0.9637489318847656,1.315922498703003
1.0316051244735718,1.3444323539733887
1.0705106258392334,1.281029462814331
1.060750961303711,1.2017598152160645
1.017574429512024,1.1865782737731934
1.102391004562378,1.1355350017547607
1.098783254623413,1.0920475721359253
1.159639835357666,1.022844910621643
1.1937495470046997,1.0117267370224
1.201826572418213,0.9879974126815796
1.2632299661636353,0.95196533203125
1.271810531616211,0.8651725053787231
1.249607801437378,0.897575855255127
1.2782620191574097,0.8549367189407349
1.3717492818832397,0.8426100015640259
1.3974852561950684,0.8238745331764221
1.4055277109146118,0.8658077120780945
1.3736064434051514,0.8395873308181763
1.2067643404006958,0.8512458801269531
1.2270476818084717,0.8939173817634583
1.2646572589874268,0.9102135300636292
1.3463928699493408,0.963862419128418
1.3069785833358765,0.9474408626556396
1.214847445487976,1.0200115442276
1.1773067712783813,0.9731753468513489
1.2859448194503784,1.0045950412750244
1.226654291152954,1.1078689098358154
1.2502638101577759,1.1117594242095947
1.0473260879516602,1.1521475315093994
1.050249457359314,1.0665332078933716
1.0417035818099976,1.1071147918701172
1.1430734395980835,1.2588704824447632
1.1645275354385376,1.4073987007141113
1.120849847793579,1.1775915622711182
0.9751278162002563,1.295006513595581
0.854427695274353,1.3191781044006348
0.8581250905990601,1.3898545503616333
0.9581131339073181,1.3461002111434937
0.8812519907951355,1.3969156742095947
1.0907286405563354,1.3439401388168335
0.882473349571228,1.3998304605484009
0.8483492136001587,1.3782655000686646
0.8065383434295654,1.3788201808929443
0.8431980609893799,1.4123198986053467
0.9134830832481384,1.4300947189331055
0.8824343085289001,1.5029191970825195
0.9248256087303162,1.4363279342651367
0.896475076675415,1.3908976316452026
0.755158007144928,1.3702399730682373
0.7643148899078369,1.4297480583190918
0.8801999688148499,1.320735216140747
0.9580320119857788,1.3615177869796753
1.0359134674072266,1.369786024093628
0.9373759031295776,1.3622990846633911
0.8368338942527771,1.2793985605239868
0.7565336227416992,1.3364920616149902
0.7502718567848206,1.338735818862915
0.8593319058418274,1.2492494583129883
0.9936941862106323,1.2529170513153076
1.060563325881958,1.2619787454605103
1.0976359844207764,1.157536506652832
1.0200819969177246,1.1606104373931885
0.8692446351051331,1.207350492477417
0.9206780195236206,1.1251678466796875
0.9866316318511963,1.0896010398864746
1.0823848247528076,1.1274136304855347
1.1324553489685059,1.1073462963104248
1.2280452251434326,1.0073413848876953
1.177876591682434,1.014418601989746
1.078407883644104,1.0367248058319092
1.1349964141845703,0.9775130748748779
1.136306643486023,0.9820014834403992
1.120163083076477,1.0563268661499023
1.3362855911254883,1.0042012929916382
1.2867846488952637,1.0384786128997803
1.2581110000610352,0.9897363185882568
1.2467091083526611,0.9624840021133423
1.107370376586914,1.1193256378173828
1.08417809009552,1.0308585166931152
1.1977641582489014,1.055702805519104
1.1866334676742554,1.0822651386260986
1.2050191164016724,1.0021976232528687
1.2117977142333984,1.170687198638916
1.0841643810272217,1.1761033535003662
1.0657917261123657,1.1193783283233643
1.049625039100647,1.1033236980438232
1.0773050785064697,1.2146376371383667
1.1179372072219849,1.253011703491211
1.0440824031829834,1.3212127685546875
1.0339670181274414,1.2522119283676147
0.983025312423706,1.3275071382522583
0.9693912267684937,1.3715770244598389
0.9928425550460815,1.3519914150238037
0.9736003875732422,1.3919000625610352
1.0439013242721558,1.4143924713134766
0.8785194158554077,1.4417058229446411
0.9133238792419434,1.4406814575195312
1.000728964805603,1.3883473873138428
0.9325234293937683,1.4185830354690552
0.949104368686676,1.4036223888397217
0.9618765115737915,1.3697911500930786
1.0013368129730225,1.3142316341400146
0.9542802572250366,1.2954065799713135
0.9597382545471191,1.2620177268981934
1.0245617628097534,1.244582176208496
1.0230395793914795,1.172003984451294
1.0567296743392944,1.21308434009552
1.1151950359344482,1.1517436504364014
1.094835877418518,1.0732150077819824
1.0766756534576416,1.1125118732452393
1.058716893196106,1.1044021844863892
1.1433771848678589,1.0132075548171997
1.1693612337112427,1.0063371658325195
1.2877588272094727,0.9521828889846802
1.308187484741211,0.9544374942779541
1.2359970808029175,0.9436413645744324
1.124328374862671,0.9589704871177673
1.1776719093322754,0.9041303396224976
1.3206175565719604,0.8663057684898376
1.3354233503341675,0.9140245318412781
1.326819896697998,0.914116382598877
1.2211573123931885,0.9195244312286377
1.2436716556549072,0.9287431240081787
1.2276766300201416,0.8891080617904663
1.3009986877441406,0.9194740056991577
1.3149698972702026,0.9099266529083252
1.3498939275741577,0.895103394985199
1.3938994407653809,0.8855981826782227
1.2547438144683838,0.9048299789428711
1.1186871528625488,0.9718239307403564
1.0891139507293701,0.9467848539352417
1.374904751777649,0.9212559461593628
1.3996405601501465,1.0480462312698364
1.2657440900802612,0.957781195640564
1.1118597984313965,1.0116877555847168
1.0136446952819824,1.0644915103912354
1.0487169027328491,1.0818419456481934
1.1555688381195068,1.0808212757110596
1.2949130535125732,1.074047565460205
1.1345397233963013,1.180478811264038
1.0014420747756958,1.185645341873169
0.9085224866867065,1.2018994092941284
0.9104662537574768,1.2105625867843628
1.0448530912399292,1.2585620880126953
1.060176134109497,1.287306785583496
1.007149338722229,1.2266721725463867
0.8913218975067139,1.3620045185089111
0.9307476878166199,1.219733476638794
0.8787323832511902,1.345822811126709
0.955065906047821,1.3871493339538574
0.9589134454727173,1.369418740272522
0.8959411978721619,1.297550916671753
0.79354327917099,1.4342637062072754
0.8581139445304871,1.3747806549072266
0.8231118321418762,1.410773515701294
0.9314011335372925,1.3342444896697998
0.863520622253418,1.426675796508789
0.8972433805465698,1.4254381656646729
0.8313925266265869,1.4350510835647583
0.8598887920379639,1.3981825113296509
0.7306022644042969,1.4595489501953125
0.7678457498550415,1.4132452011108398
0.8781149983406067,1.3830238580703735
0.8800839781761169,1.4021393060684204
0.8675483465194702,1.3799152374267578
0.8289996981620789,1.350203514099121
0.7847673892974854,1.4172236919403076
0.8355967402458191,1.3512296676635742
0.8974451422691345,1.3387037515640259
0.9580585360527039,1.3207910060882568
0.857020378112793,1.3120468854904175
0.8566650748252869,1.264063835144043
0.8425431251525879,1.260667085647583
0.9569565653800964,1.277801752090454
0.9292576313018799,1.2311172485351562
1.0052341222763062,1.201853632926941
0.9949239492416382,1.1362874507904053
0.993985116481781,1.142120361328125
0.9928267598152161,1.172065258026123
1.0764148235321045,1.1043894290924072
1.0719101428985596,1.1039209365844727
1.108440637588501,1.0866472721099854
1.1249593496322632,1.1334539651870728
1.0642725229263306,1.101546287536621
1.0762536525726318,1.0910813808441162
1.0698529481887817,1.083375096321106
1.0759434700012207,1.009533166885376
1.2279225587844849,1.0871821641921997
1.2378201484680176,1.0766090154647827
1.1745357513427734,1.1245213747024536
1.1884045600891113,1.1159394979476929
