gen,disc
1.3230912685394287,0.9127792119979858
1.316814661026001,0.8862099647521973
1.4281303882598877,0.838020384311676
1.3346565961837769,0.8427245616912842
1.3510456085205078,0.8237252235412598
1.4370204210281372,0.8484041690826416
1.4213290214538574,0.810814380645752
1.3289870023727417,0.8274840712547302
1.3923193216323853,0.82109534740448
1.5087827444076538,0.8223077058792114
1.397484540939331,0.8507733941078186
1.4251821041107178,0.7728942632675171
1.4931011199951172,0.810982346534729
1.3791694641113281,0.8041788339614868
1.4428130388259888,0.7820600271224976
1.4805275201797485,0.8817961812019348
1.3596230745315552,0.832076370716095
1.3965282440185547,0.8284122943878174
1.4062528610229492,0.8148927688598633
1.3378207683563232,0.8328840732574463
1.4006210565567017,0.8760654330253601
1.3504316806793213,0.835910439491272
1.4547158479690552,0.8425166606903076
1.535132646560669,0.8573772311210632
1.450827717781067,0.8949520587921143
1.374761939048767,0.8302014470100403
1.3058440685272217,0.9489388465881348
1.2882999181747437,0.9394879937171936
1.3474419116973877,0.9410330653190613
1.2860455513000488,1.0048542022705078
1.3494181632995605,0.9676307439804077
1.2489919662475586,1.0043892860412598
1.2557591199874878,1.1236084699630737
1.1820601224899292,1.0470211505889893
1.1750820875167847,1.1131372451782227
1.289483666419983,1.083864688873291
1.190752625465393,1.1325514316558838
1.1314796209335327,1.1832489967346191
1.139812707901001,1.2142953872680664
1.1787846088409424,1.1103744506835938
1.0820982456207275,1.317948341369629
1.120164155960083,1.1895411014556885
0.8909516334533691,1.384779453277588
1.1706106662750244,1.240140676498413
1.176680326461792,1.4243872165679932
1.0033047199249268,1.4385995864868164
0.861603856086731,1.3746311664581299
0.8165265321731567,1.5185327529907227
0.9640460014343262,1.5306508541107178
0.9959127306938171,1.4198776483535767
0.97432941198349,1.52022123336792
0.8406358361244202,1.5712506771087646
0.8632593154907227,1.6008801460266113
0.8701857924461365,1.5633132457733154
0.8410049676895142,1.5647199153900146
0.8521572947502136,1.5495884418487549
0.9043415188789368,1.6137138605117798
0.926432728767395,1.5577642917633057
0.9607243537902832,1.648332118988037
0.9081349968910217,1.5759384632110596
0.8287177085876465,1.5311102867126465
0.8610620498657227,1.5693399906158447
1.0181982517242432,1.6154260635375977
0.9132542610168457,1.5618644952774048
0.8820183277130127,1.5146756172180176
0.7841531038284302,1.5417572259902954
0.9024876952171326,1.5617613792419434
0.9765768647193909,1.4796829223632812
0.9747467637062073,1.5652196407318115
0.9187333583831787,1.5392024517059326
0.8478628396987915,1.4920673370361328
0.8231980800628662,1.3821120262145996
0.9852073788642883,1.3519368171691895
1.1591999530792236,1.2998690605163574
1.294801115989685,1.2861194610595703
1.1527862548828125,1.3083796501159668
0.8745459914207458,1.3195431232452393
0.8809910416603088,1.3031469583511353
1.019590139389038,1.1846392154693604
1.322996973991394,1.1658912897109985
1.342588186264038,1.1821883916854858
1.167297124862671,1.0807554721832275
1.103454351425171,1.0525480508804321
1.061158299446106,1.0957865715026855
1.2019768953323364,1.02958083152771
1.3750896453857422,1.0619308948516846
1.371999979019165,0.92052161693573
1.2758352756500244,0.9175299406051636
1.223161220550537,0.917786717414856
1.3388149738311768,0.8564767837524414
1.3925379514694214,0.880346953868866
1.4563910961151123,0.8223970532417297
1.4415851831436157,0.8466147184371948
1.350077748298645,0.8723284006118774
1.3422694206237793,0.7585955858230591
1.4364433288574219,0.8113941550254822
1.555951476097107,0.8382313251495361
1.5792616605758667,0.7855966687202454
1.5324697494506836,0.7662555575370789
1.3997660875320435,0.7652142643928528
1.357596516609192,0.7779014110565186
1.4928662776947021,0.8192583322525024
1.5158841609954834,0.7908022403717041
1.5476059913635254,0.8147623538970947
1.5032687187194824,0.7740439176559448
1.365755319595337,0.7797725796699524
1.4101083278656006,0.7574125528335571
1.5361580848693848,0.8405605554580688
1.6153336763381958,0.75117427110672
1.6054730415344238,0.7853702902793884
1.598118782043457,0.7459797263145447
1.5297832489013672,0.7403362989425659
1.388474941253662,0.8217831254005432
1.463867425918579,0.8400030136108398
1.4591774940490723,0.8813896179199219
1.4643617868423462,0.8003247976303101
1.3692914247512817,0.8478355407714844
1.341779112815857,0.8283733129501343
1.4038728475570679,0.8735977411270142
1.5233131647109985,0.9426650404930115
1.4827165603637695,0.9637849926948547
1.4406330585479736,0.9715736508369446
1.3494292497634888,0.9786060452461243
0.9992403984069824,1.0679805278778076
1.1287428140640259,1.0028694868087769
1.2645634412765503,1.0635839700698853
1.4225136041641235,1.002741813659668
1.3097869157791138,1.0480802059173584
1.2949304580688477,1.086392879486084
1.1005643606185913,1.134403109550476
1.0328174829483032,1.1295647621154785
1.0274074077606201,1.1977767944335938
1.184523344039917,1.1285810470581055
1.1764211654663086,1.1363143920898438
1.1824970245361328,1.1537036895751953
1.158341646194458,1.1876835823059082
0.9777368307113647,1.2367080450057983
1.0139219760894775,1.1651573181152344
1.0464484691619873,1.1607983112335205
1.0836448669433594,1.2413551807403564
1.1350250244140625,1.1983802318572998
1.089195966720581,1.1216645240783691
1.0330358743667603,1.157930850982666
1.015669822692871,1.224597454071045
1.1069360971450806,1.2243289947509766
1.0852375030517578,1.2616004943847656
0.9802560806274414,1.2559247016906738
1.02446711063385,1.1818039417266846
1.080807089805603,1.2169396877288818
1.0677685737609863,1.266356110572815
1.069776177406311,1.3619592189788818
0.9494274854660034,1.3232115507125854
0.973683774471283,1.2808200120925903
0.9301525950431824,1.273575782775879
0.957854688167572,1.2789950370788574
1.0043184757232666,1.2732834815979004
1.0620366334915161,1.270159125328064
1.0804731845855713,1.3116238117218018
1.007175326347351,1.3625202178955078
0.9472999572753906,1.2701255083084106
0.885155439376831,1.2913901805877686
0.9849558472633362,1.3165838718414307
1.1148645877838135,1.2986891269683838
1.0058207511901855,1.2932599782943726
1.0065702199935913,1.333917260169983
1.04329514503479,1.3092989921569824
0.9617881774902344,1.3410108089447021
0.9636284708976746,1.352179765701294
1.013374924659729,1.2620398998260498
0.9613900184631348,1.3407413959503174
0.955646276473999,1.4205079078674316
0.9538562297821045,1.3636083602905273
1.0316132307052612,1.3919563293457031
0.9904284477233887,1.3609199523925781
0.9609572887420654,1.4452362060546875
0.9499831199645996,1.3541027307510376
0.8546046614646912,1.3704001903533936
0.8842191696166992,1.3951573371887207
1.0607885122299194,1.3825629949569702
1.1143966913223267,1.373280644416809
1.045520544052124,1.271871566772461
0.9141584038734436,1.409535527229309
0.8462563157081604,1.2697656154632568
0.9268798828125,1.199251413345337
1.162588357925415,1.345119833946228
1.2070027589797974,1.243908405303955
1.1847132444381714,1.1727218627929688
1.0013885498046875,1.1496086120605469
0.9927975535392761,1.1372307538986206
1.054632306098938,1.0939393043518066
1.1286853551864624,1.120773434638977
1.323534369468689,1.0496184825897217
1.4250562191009521,1.0191352367401123
1.2810271978378296,0.9893113970756531
1.1314547061920166,0.9542210698127747
1.0495538711547852,0.9151293039321899
1.2434461116790771,0.8831636905670166
1.5521240234375,0.8336955308914185
1.6352711915969849,0.8458739519119263
1.551093339920044,0.7775489091873169
1.3786563873291016,0.7625686526298523
1.2725703716278076,0.7288735508918762
1.3743653297424316,0.694355845451355
1.6498637199401855,0.7025745511054993
1.75200355052948,0.7093563079833984
1.7680782079696655,0.6606935858726501
1.5899442434310913,0.6369783878326416
1.4846795797348022,0.5991548299789429
1.4884036779403687,0.655490517616272
1.5921424627304077,0.6045250296592712
1.70601487159729,0.5790935754776001
1.8610947132110596,0.5858449935913086
1.826461911201477,0.5962992310523987
1.723483920097351,0.5486326217651367
1.6224339008331299,0.6069790124893188
1.6287075281143188,0.5863597393035889
1.7108029127120972,0.5375574827194214
1.8004729747772217,0.5804731845855713
1.8471641540527344,0.5803408622741699
1.820446252822876,0.5855972766876221
1.8127903938293457,0.539785623550415
1.6540498733520508,0.5755391120910645
1.7308745384216309,0.6176843047142029
1.7174994945526123,0.6234751343727112
1.752927303314209,0.6376057863235474
1.6873400211334229,0.6092842817306519
1.7276458740234375,0.6635462045669556
1.7446483373641968,0.6548588275909424
1.5979608297348022,0.7097150087356567
1.5218795537948608,0.7220780849456787
1.468367099761963,0.7238994836807251
1.5864553451538086,0.7023999691009521
1.60710608959198,0.7033520936965942
1.6725378036499023,0.8100125789642334
1.5352578163146973,0.8353840112686157
