gen,disc
1.1576482057571411,0.966266393661499
1.1132601499557495,0.9733576774597168
1.1365671157836914,0.9961364269256592
1.1664459705352783,0.9535660743713379
1.1049902439117432,0.9593778848648071
1.2721118927001953,0.9074381589889526
1.3225816488265991,0.9317945241928101
1.3418906927108765,0.9000089168548584
1.2112821340560913,0.8945481777191162
1.134631872177124,0.9038601517677307
1.168687343597412,0.9028912782669067
1.2282085418701172,0.9108748435974121
1.3039201498031616,0.8671112060546875
1.3025047779083252,0.8827239274978638
1.31378173828125,0.8752967119216919
1.2093610763549805,0.8633870482444763
1.2272130250930786,0.9061263203620911
1.3269157409667969,0.8642774820327759
1.1909700632095337,0.8745204210281372
1.2887077331542969,0.8556731939315796
1.2195134162902832,0.8992129564285278
1.2584240436553955,0.8690309524536133
1.2598689794540405,0.8611903190612793
1.3044846057891846,0.8847889304161072
1.287101149559021,0.8776971101760864
1.2981288433074951,0.8376776576042175
1.2208809852600098,0.8945940732955933
1.2531429529190063,0.9120006561279297
1.2383301258087158,0.9124870896339417
1.2753880023956299,0.8689240217208862
1.1771806478500366,0.8889169096946716
1.225036859512329,0.9068188071250916
1.2405149936676025,0.9079685211181641
1.2423940896987915,0.8983883261680603
1.2559033632278442,0.9342916011810303
1.262392282485962,0.9050029516220093
1.2897565364837646,0.903656542301178
1.235921859741211,0.8619101047515869
1.1629544496536255,0.9166565537452698
1.1421247720718384,0.9044344425201416
1.2079087495803833,0.9028817415237427
1.239780068397522,0.9077653288841248
1.2704172134399414,0.9458978176116943
1.3108354806900024,0.9157345294952393
1.1811130046844482,0.9169622659683228
1.1324188709259033,0.9414691925048828
1.263021469116211,0.9150686860084534
1.108017086982727,0.923700213432312
1.2158950567245483,0.8939095139503479
1.2119669914245605,0.9762856960296631
1.2321038246154785,0.9520305395126343
1.1583495140075684,0.9778200387954712
1.2120387554168701,0.949129581451416
1.2366459369659424,0.9381467700004578
1.1163928508758545,1.0098482370376587
1.1465160846710205,1.026438593864441
1.1667473316192627,0.9907034635543823
1.1107447147369385,1.0025229454040527
1.158250093460083,1.0579707622528076
1.175612449645996,0.9981352686882019
1.1574809551239014,1.0850359201431274
1.1304452419281006,1.021493673324585
1.0774751901626587,1.083014965057373
1.107311487197876,1.0868332386016846
1.042954444885254,1.1132869720458984
1.1005401611328125,1.1180686950683594
1.0735125541687012,1.1864569187164307
1.128449559211731,1.1416378021240234
1.0996832847595215,1.0637712478637695
1.0926079750061035,1.175328254699707
1.0179835557937622,1.1929118633270264
0.9924103021621704,1.259819507598877
1.005944848060608,1.1865901947021484
1.0166932344436646,1.2189075946807861
1.0288686752319336,1.2986507415771484
1.0487220287322998,1.2447240352630615
0.9896179437637329,1.242395043373108
0.929908812046051,1.2912099361419678
0.9812490940093994,1.2842363119125366
1.0039221048355103,1.2405707836151123
0.9835979342460632,1.3387267589569092
0.9207812547683716,1.3308440446853638
0.9234977960586548,1.3909982442855835
0.9403819441795349,1.3388398885726929
1.0008504390716553,1.3571557998657227
0.9419100880622864,1.3662394285202026
0.9057497382164001,1.3170394897460938
0.8880205750465393,1.418464183807373
0.9481015801429749,1.3803520202636719
0.9510913491249084,1.3981794118881226
0.8950156569480896,1.3495664596557617
0.952962338924408,1.3295788764953613
0.9129557609558105,1.3539175987243652
0.9417515993118286,1.3541719913482666
0.9692316651344299,1.3290085792541504
0.9707865715026855,1.3116439580917358
0.9038465023040771,1.3483738899230957
0.8876813650131226,1.364208459854126
0.9090996384620667,1.3585081100463867
1.0163428783416748,1.345613718032837
0.9788321256637573,1.3325133323669434
0.8709074854850769,1.3003344535827637
0.9099394083023071,1.2680206298828125
0.9294160604476929,1.3025916814804077
1.0006277561187744,1.244091272354126
1.0231126546859741,1.2495719194412231
0.9953516721725464,1.2349233627319336
1.0166503190994263,1.1940639019012451
0.9773160219192505,1.2449960708618164
0.9487596154212952,1.1940109729766846
0.9707859754562378,1.1640725135803223
1.0318799018859863,1.1604115962982178
1.072258710861206,1.1341066360473633
1.0266302824020386,1.1418118476867676
1.0121302604675293,1.1628165245056152
0.959465742111206,1.111915111541748
0.9685831069946289,1.1341288089752197
1.0715867280960083,1.0581541061401367
1.0853803157806396,1.100510835647583
1.0590451955795288,1.1351319551467896
1.0580024719238281,1.0787229537963867
1.0302696228027344,1.0338287353515625
1.0164072513580322,1.0126276016235352
1.1391205787658691,1.0494396686553955
1.1583751440048218,1.104341983795166
1.1180076599121094,1.049419641494751
0.9458036422729492,1.0671641826629639
0.9407988786697388,1.049709677696228
1.0239295959472656,1.020280122756958
1.155785322189331,1.0357403755187988
1.2056055068969727,1.0095816850662231
1.1626856327056885,0.9936881065368652
1.0123592615127563,1.0195173025131226
0.9571160078048706,1.008560299873352
1.0161871910095215,0.9952532052993774
1.1645503044128418,0.9933374524116516
1.2657649517059326,0.9769077301025391
1.2099950313568115,0.9654702544212341
1.0420814752578735,0.9805157780647278
1.0217151641845703,1.0086976289749146
1.0682260990142822,0.9917261600494385
1.1225268840789795,1.066789150238037
1.1625335216522217,0.9823495745658875
1.0907362699508667,1.0032458305358887
1.0622625350952148,1.0019537210464478
1.0963538885116577,1.017744541168213
1.0807702541351318,0.9926236271858215
1.1143279075622559,1.0365853309631348
1.0375595092773438,1.037803053855896
1.0736197233200073,1.039133071899414
1.1905885934829712,0.9892317056655884
1.1200264692306519,1.0312731266021729
1.0611381530761719,1.0085844993591309
1.0445830821990967,0.9918468594551086
1.0573525428771973,1.050654649734497
1.0266214609146118,1.121074914932251
1.0916820764541626,0.9998559951782227
1.1533396244049072,0.9999973177909851
1.134446382522583,1.0430655479431152
1.0814237594604492,1.026775598526001
1.1185657978057861,0.9605193138122559
1.07660973072052,1.0329172611236572
1.108659267425537,1.0353577136993408
1.084774374961853,1.0406712293624878
1.065653681755066,1.038140892982483
1.115398645401001,1.0131258964538574
1.0728847980499268,0.9962912797927856
1.1231991052627563,1.0249091386795044
1.1317859888076782,1.0396831035614014
1.0967326164245605,1.0547115802764893
1.1573810577392578,1.0074913501739502
1.1401159763336182,1.0246436595916748
1.1462485790252686,1.011004090309143
1.1533738374710083,1.0039728879928589
1.1600995063781738,1.0059939622879028
1.1507827043533325,1.0092496871948242
1.0851049423217773,1.0035243034362793
1.0923675298690796,1.0997223854064941
1.1460294723510742,1.045344352722168
1.2013742923736572,1.0208293199539185
1.2010197639465332,1.0263464450836182
1.0615289211273193,1.0264698266983032
1.0755122900009155,1.0097846984863281
1.162889003753662,1.082613468170166
1.3071202039718628,1.0434294939041138
1.21113920211792,1.0974102020263672
1.099869966506958,1.072974681854248
1.0362788438796997,1.0044662952423096
1.1310440301895142,1.0388224124908447
1.202772855758667,1.0700925588607788
1.1811847686767578,1.0425776243209839
1.1312830448150635,1.0817344188690186
1.1042784452438354,1.1445002555847168
1.121390700340271,1.009543776512146
1.206964373588562,1.0432393550872803
1.2139112949371338,1.0506662130355835
1.1666885614395142,1.0804531574249268
1.0528329610824585,1.083357810974121
1.1420247554779053,1.066597819328308
1.1845604181289673,1.0756714344024658
1.1283509731292725,1.2187384366989136
1.138594388961792,1.0914942026138306
1.0312618017196655,1.1587488651275635
1.1478855609893799,1.079787015914917
1.1834394931793213,1.1701109409332275
1.1835416555404663,1.1035878658294678
1.105718731880188,1.1157695055007935
1.0294702053070068,1.1799241304397583
1.177620530128479,1.1478376388549805
1.0809531211853027,1.1690809726715088
1.0692087411880493,1.1631544828414917
1.0393085479736328,1.1788856983184814
1.1780085563659668,1.1415033340454102
1.0666333436965942,1.1289787292480469
1.045303463935852,1.1845623254776
1.089877963066101,1.138405680656433
1.2221952676773071,1.116105556488037
1.107493281364441,1.1475317478179932
0.9830194115638733,1.1544113159179688
1.061299204826355,1.2132213115692139
1.0881786346435547,1.1976853609085083
1.0371246337890625,1.2237577438354492
1.0432449579238892,1.217120885848999
1.0277142524719238,1.1905732154846191
1.0243360996246338,1.2294707298278809
1.0765889883041382,1.173808217048645
1.1225769519805908,1.054848313331604
1.1131887435913086,1.145282506942749
1.0528690814971924,1.1378217935562134
0.9868984222412109,1.1740673780441284
1.0094101428985596,1.1278088092803955
1.0770316123962402,1.2362868785858154
1.1081432104110718,1.1714718341827393
0.9266796112060547,1.1928541660308838
0.9715273976325989,1.1297101974487305
