gen,disc
0.9224511981010437,1.3541176319122314
0.9454387426376343,1.2704689502716064
0.9445372223854065,1.353649616241455
0.8908166289329529,1.353397250175476
0.915935218334198,1.2957072257995605
0.8594469428062439,1.3175911903381348
0.8287385106086731,1.3573576211929321
0.8507997989654541,1.3430566787719727
0.944785475730896,1.3135530948638916
0.9647293090820312,1.3301970958709717
0.9591896533966064,1.2558906078338623
0.9019750952720642,1.3013205528259277
0.8513789772987366,1.2933109998703003
0.8266205787658691,1.3350653648376465
0.9359846115112305,1.3115270137786865
0.921661913394928,1.363020658493042
0.9209128618240356,1.3545918464660645
0.8965239524841309,1.3614747524261475
0.8591683506965637,1.3557918071746826
0.806902289390564,1.3860390186309814
0.8390713930130005,1.3607670068740845
0.8562412858009338,1.416797161102295
0.8705039024353027,1.3932852745056152
0.8780020475387573,1.3270772695541382
0.8909335136413574,1.451718807220459
0.782110869884491,1.389517068862915
0.7651339173316956,1.4190212488174438
0.7708353400230408,1.4412263631820679
0.7836769223213196,1.4706870317459106
0.8232914805412292,1.489903211593628
0.79494309425354,1.4698262214660645
0.7696749567985535,1.4802169799804688
0.7811360359191895,1.464226245880127
0.7955856919288635,1.3743680715560913
0.7887760400772095,1.4102569818496704
0.7831971049308777,1.4678090810775757
0.7827399969100952,1.4956774711608887
0.7460470199584961,1.5144293308258057
0.7454838156700134,1.5586392879486084
0.7235115766525269,1.4685592651367188
0.7665857076644897,1.4976935386657715
0.7869113683700562,1.552842617034912
0.7226736545562744,1.5138376951217651
0.6953600645065308,1.5004862546920776
0.6749498844146729,1.5222594738006592
0.7568684220314026,1.4495563507080078
0.7517207860946655,1.537247896194458
0.7981773614883423,1.4903252124786377
0.7721762657165527,1.4659955501556396
0.7278628349304199,1.5297355651855469
0.7416532635688782,1.4790960550308228
0.7239010334014893,1.4571740627288818
0.7392833232879639,1.3912887573242188
0.7772231101989746,1.4002063274383545
0.7793651819229126,1.4453508853912354
0.7767354846000671,1.4572538137435913
0.7707889676094055,1.4409358501434326
0.7481052875518799,1.410139560699463
0.7673149704933167,1.3660130500793457
0.8049042224884033,1.3687809705734253
0.7861493229866028,1.3834609985351562
0.7950234413146973,1.3841543197631836
0.7673779726028442,1.371019959449768
0.8006422519683838,1.347520351409912
0.843608021736145,1.365701675415039
0.8124677538871765,1.333301067352295
0.8419168591499329,1.2815074920654297
0.8391366600990295,1.2879798412322998
0.847001850605011,1.2898104190826416
0.8724305629730225,1.3011231422424316
0.852861762046814,1.2473218441009521
0.8404902219772339,1.2424232959747314
0.8302226662635803,1.2154098749160767
0.8976278305053711,1.2350462675094604
0.867424488067627,1.2686485052108765
0.870723307132721,1.2359521389007568
0.8604320287704468,1.2310774326324463
0.8851269483566284,1.1730276346206665
0.9017916917800903,1.187243938446045
0.9339578151702881,1.1761195659637451
0.9303314685821533,1.1341304779052734
0.8859543800354004,1.1768394708633423
0.918724000453949,1.1292879581451416
0.886614978313446,1.1458678245544434
0.9238815307617188,1.1389439105987549
0.9112881422042847,1.185072660446167
0.9128279089927673,1.119260311126709
0.8921491503715515,1.1319215297698975
0.8945228457450867,1.1643141508102417
0.9382429718971252,1.110451102256775
0.9588367342948914,1.0978174209594727
0.9996577501296997,1.081254243850708
0.9932795166969299,1.0955195426940918
0.9653430581092834,1.0876593589782715
0.9049949049949646,1.0989599227905273
0.9451175928115845,1.068237543106079
0.9533315896987915,1.0752766132354736
0.9416131973266602,1.054937720298767
0.9986016154289246,1.0549590587615967
1.0071156024932861,1.0858972072601318
1.005670428276062,1.0719711780548096
1.0187439918518066,1.0377981662750244
0.9615819454193115,1.0453437566757202
0.9486520290374756,1.0415613651275635
0.9996376633644104,1.0277589559555054
1.0768886804580688,1.0188771486282349
1.0934545993804932,1.0725276470184326
1.035398244857788,1.0833277702331543
1.0177209377288818,1.0579450130462646
0.9979817867279053,1.0323697328567505
0.9345250129699707,1.055765151977539
0.9764149188995361,1.0440022945404053
1.0109825134277344,1.062757134437561
1.1172877550125122,1.082179069519043
1.0625849962234497,1.0694581270217896
1.0138485431671143,1.093883991241455
1.0006189346313477,1.1012558937072754
0.935752809047699,1.1265041828155518
0.934775173664093,1.1179707050323486
0.9395859837532043,1.1486257314682007
0.972338080406189,1.135110855102539
0.9957500696182251,1.1422526836395264
0.9826905727386475,1.2071571350097656
0.9381334781646729,1.2304232120513916
0.9099786281585693,1.2317047119140625
0.8600772619247437,1.2264776229858398
0.8270504474639893,1.2164077758789062
0.8584806323051453,1.2873965501785278
0.9048272967338562,1.2699368000030518
0.8869656920433044,1.3236629962921143
0.8786193132400513,1.3045839071273804
0.7942443490028381,1.3647491931915283
0.8228580951690674,1.3588887453079224
0.7950801849365234,1.326237678527832
0.7946970462799072,1.3693228960037231
0.7909075617790222,1.3891634941101074
0.8308149576187134,1.3719879388809204
0.8790445327758789,1.4049723148345947
0.8114401698112488,1.5091278553009033
0.7575141191482544,1.4593336582183838
0.7354037165641785,1.457953691482544
0.7672319412231445,1.4559369087219238
0.7830073833465576,1.453901767730713
0.78315269947052,1.4850246906280518
0.8415095806121826,1.3785003423690796
0.798161506652832,1.4308497905731201
0.8341970443725586,1.4619626998901367
0.7998506426811218,1.4464645385742188
0.7894927263259888,1.4216158390045166
0.7964683771133423,1.495112419128418
0.7961583733558655,1.4710121154785156
0.7860981225967407,1.4582549333572388
0.8023463487625122,1.4333739280700684
0.8374574780464172,1.4840528964996338
0.8222804665565491,1.4832191467285156
0.7999831438064575,1.483827829360962
0.7840162515640259,1.4939122200012207
0.7918400764465332,1.4809585809707642
0.8060969114303589,1.4572834968566895
0.8158650994300842,1.486530065536499
0.8333687782287598,1.4661543369293213
0.8784894943237305,1.5764691829681396
0.801950216293335,1.5059140920639038
0.8343185186386108,1.575770378112793
0.7909377217292786,1.6069257259368896
0.7346882820129395,1.593346118927002
0.7400825023651123,1.5787843465805054
0.7335590124130249,1.65494704246521
0.7601355910301208,1.6439248323440552
0.7519515752792358,1.6121597290039062
0.7342767715454102,1.640636920928955
0.7430050373077393,1.6713653802871704
0.7465784549713135,1.6107234954833984
0.747227668762207,1.72117018699646
0.724783718585968,1.6958637237548828
0.7305542230606079,1.683056116104126
0.664848804473877,1.6586107015609741
0.6400833129882812,1.6740456819534302
0.6315048336982727,1.7251871824264526
0.6521304249763489,1.6647138595581055
0.6337527632713318,1.711205244064331
0.6365211606025696,1.682352066040039
0.6248261332511902,1.6465651988983154
0.6312693357467651,1.5623197555541992
0.660918116569519,1.6140458583831787
0.6495768427848816,1.5348262786865234
0.673664927482605,1.5673255920410156
0.6781480312347412,1.4889945983886719
0.6693007349967957,1.4998371601104736
0.6893699765205383,1.4059462547302246
0.6621803641319275,1.3619672060012817
0.6981812119483948,1.334566593170166
0.723427414894104,1.3205561637878418
0.8046129941940308,1.2299137115478516
0.8503761291503906,1.1792576313018799
0.8989479541778564,1.1747946739196777
0.9061475992202759,1.119642972946167
0.9408444762229919,1.0899430513381958
0.9612269401550293,1.0225553512573242
0.9583523273468018,1.0314409732818604
0.9968293309211731,0.9826134443283081
1.0127078294754028,0.9977588653564453
1.0296378135681152,0.9624611735343933
1.0997754335403442,0.9366209506988525
1.1141529083251953,0.9435006380081177
1.1010630130767822,0.9313889145851135
1.159714698791504,0.9484090805053711
1.1408660411834717,0.9177026152610779
1.0874030590057373,0.9785641431808472
1.1095033884048462,0.9785380363464355
1.052462100982666,0.989058792591095
1.0566771030426025,1.0145432949066162
1.0275694131851196,1.1163227558135986
0.9861025810241699,1.0852878093719482
0.993222713470459,1.0889699459075928
0.98785799741745,1.2369513511657715
0.9749632477760315,1.2142210006713867
0.9721959233283997,1.1943635940551758
0.8925936818122864,1.2307641506195068
0.9249304533004761,1.3850948810577393
0.8870813846588135,1.3108859062194824
0.8532732725143433,1.4551341533660889
0.8349592685699463,1.4459376335144043
0.857253909111023,1.4597361087799072
0.7870078086853027,1.4785258769989014
0.7858828902244568,1.5090663433074951
0.8059698343276978,1.527377724647522
0.7847945690155029,1.554398536682129
0.8094510436058044,1.5696282386779785
0.7974401116371155,1.597278356552124
0.7795979976654053,1.6046886444091797
0.7547845840454102,1.5727519989013672
0.7292649149894714,1.556952953338623
0.7312021255493164,1.6504733562469482
0.7859603762626648,1.5159658193588257
