gen,disc
0.8291537761688232,1.3918578624725342
0.8147825002670288,1.3487308025360107
0.8500467538833618,1.4302221536636353
0.8768054842948914,1.4285881519317627
0.8285148739814758,1.5166300535202026
0.7613956332206726,1.5173521041870117
0.8166578412055969,1.4190804958343506
0.8407264947891235,1.4715288877487183
0.8041635155677795,1.4466755390167236
0.809145450592041,1.4592533111572266
0.8155155181884766,1.408977746963501
0.874231219291687,1.448793888092041
0.8626527786254883,1.4006578922271729
0.8553563952445984,1.4695851802825928
0.818286120891571,1.4401061534881592
0.7969109416007996,1.4126428365707397
0.8381004333496094,1.4614810943603516
0.8475100994110107,1.4422017335891724
0.8500052094459534,1.3871194124221802
0.8261087536811829,1.4255772829055786
0.8542851805686951,1.3649303913116455
0.8692085146903992,1.2917895317077637
0.9137513637542725,1.3602625131607056
0.8773329854011536,1.319929599761963
0.8598031997680664,1.308435082435608
0.8424180746078491,1.3592801094055176
0.8149747848510742,1.3256118297576904
0.8798748850822449,1.249678611755371
0.905040979385376,1.2938861846923828
0.9705053567886353,1.2742664813995361
1.0107561349868774,1.2345695495605469
0.9559570550918579,1.2403554916381836
0.9070490002632141,1.184735894203186
0.8628280162811279,1.251261591911316
0.9151164293289185,1.1685971021652222
1.004637360572815,1.1284728050231934
1.0374997854232788,1.1429710388183594
1.051146149635315,1.1173810958862305
1.0074846744537354,1.122826099395752
0.9457125663757324,1.1850266456604004
0.9209831357002258,1.1794300079345703
0.9800782799720764,1.0800738334655762
0.9900375604629517,1.0991034507751465
0.9998424053192139,1.1469204425811768
1.0915720462799072,1.0632734298706055
1.0762873888015747,1.0667927265167236
1.0035580396652222,1.0942689180374146
0.9677839875221252,1.0564255714416504
1.049597978591919,1.0836749076843262
1.0826419591903687,1.0403141975402832
1.041391372680664,1.028848648071289
1.1040323972702026,1.039959192276001
1.138805627822876,1.0165292024612427
1.1265534162521362,1.0132858753204346
1.0780515670776367,0.9997818470001221
1.0230504274368286,1.0170071125030518
1.0634304285049438,1.009731411933899
1.0743664503097534,1.0054523944854736
1.1221706867218018,1.0359307527542114
1.146665096282959,1.0507144927978516
1.1151390075683594,1.004312515258789
1.0460917949676514,1.046280860900879
1.0672810077667236,0.991700291633606
1.078249216079712,1.001131296157837
1.118916392326355,1.0174036026000977
1.1459139585494995,1.057879090309143
1.0891793966293335,1.0316548347473145
1.0866342782974243,1.0389186143875122
1.03993558883667,1.0726675987243652
1.1098949909210205,0.9707558155059814
1.1425354480743408,1.0239431858062744
1.159540057182312,1.0028361082077026
1.2013344764709473,1.0408859252929688
1.026702642440796,1.1405601501464844
0.9537839293479919,1.0836814641952515
1.0047526359558105,1.085564374923706
0.9790389537811279,1.1328611373901367
1.1822375059127808,1.0961732864379883
1.1675180196762085,1.1273469924926758
0.9625660181045532,1.1457524299621582
0.9054603576660156,1.1702947616577148
0.9677723050117493,1.1066367626190186
1.0751385688781738,1.187211513519287
1.0715975761413574,1.155051589012146
1.0489485263824463,1.1691722869873047
0.9142611026763916,1.1721553802490234
0.9263792634010315,1.2348692417144775
0.9834506511688232,1.2302265167236328
1.0139645338058472,1.277839183807373
0.8950372934341431,1.2388217449188232
0.885291337966919,1.2557133436203003
0.8924283981323242,1.276435136795044
1.0033165216445923,1.275965690612793
0.9778938293457031,1.2400429248809814
0.8849924802780151,1.3184502124786377
0.8214068412780762,1.3478741645812988
0.8359912037849426,1.338353157043457
0.9002017378807068,1.3528259992599487
0.9182245135307312,1.3862571716308594
0.964018702507019,1.333139419555664
0.8286904692649841,1.3532979488372803
0.8309033513069153,1.3414772748947144
0.8550552129745483,1.3890937566757202
0.8732877373695374,1.3853445053100586
0.8466340899467468,1.3178958892822266
0.9182484149932861,1.3019487857818604
0.887275218963623,1.4058769941329956
0.8418270349502563,1.3713842630386353
0.8595419526100159,1.3739408254623413
0.8208242654800415,1.425330400466919
0.7842374444007874,1.416579008102417
0.8557632565498352,1.3691282272338867
0.8830496072769165,1.4753016233444214
0.8769114017486572,1.3348737955093384
0.8403434157371521,1.3477237224578857
0.7532381415367126,1.4329113960266113
0.8091042637825012,1.4528918266296387
0.8452185392379761,1.380212426185608
0.8889811038970947,1.3955645561218262
0.9153968095779419,1.3565610647201538
0.7849127054214478,1.3994245529174805
0.7695407271385193,1.3978166580200195
0.7892001867294312,1.4382009506225586
0.8733294606208801,1.3467257022857666
0.9105445742607117,1.3211095333099365
0.8892607092857361,1.3000895977020264
0.8232726454734802,1.3690149784088135
0.909895658493042,1.2593121528625488
0.9118188619613647,1.2835332155227661
0.9370273351669312,1.2038114070892334
0.8502932786941528,1.3204624652862549
0.8635700941085815,1.2621843814849854
0.9315661191940308,1.2160272598266602
0.9256803393363953,1.2271723747253418
0.9289870858192444,1.2266228199005127
0.9232854247093201,1.2425658702850342
0.9751027822494507,1.2414053678512573
0.9000555276870728,1.206514835357666
0.9128138422966003,1.201633095741272
0.918563961982727,1.1780755519866943
0.9250060319900513,1.2785918712615967
1.0060296058654785,1.2404851913452148
0.9849596619606018,1.2243850231170654
0.9640274047851562,1.1902105808258057
0.8887978196144104,1.1488958597183228
0.957126796245575,1.1124622821807861
1.0123332738876343,1.1160521507263184
1.0673317909240723,1.1593345403671265
1.124009132385254,1.1027171611785889
0.9650338888168335,1.106097936630249
0.9254469275474548,1.1941529512405396
0.9867115616798401,1.1456191539764404
0.9540807008743286,1.2326104640960693
1.0331658124923706,1.1069231033325195
1.0715593099594116,1.0646390914916992
1.050646185874939,1.1273002624511719
1.0244415998458862,1.1004998683929443
0.939371645450592,1.144734263420105
1.0000641345977783,1.1061286926269531
1.0643138885498047,1.1269590854644775
1.1282355785369873,1.0759119987487793
1.020432472229004,1.1585105657577515
0.9515532851219177,1.1032087802886963
1.022811770439148,1.1069514751434326
1.027677297592163,1.070515751838684
1.0254045724868774,1.1022684574127197
1.0380083322525024,1.0973091125488281
1.0545659065246582,1.1485308408737183
1.0718488693237305,1.1008942127227783
1.0240520238876343,1.1140294075012207
0.92771315574646,1.1375877857208252
0.907396674156189,1.1733578443527222
0.9685637354850769,1.160522222518921
1.1464123725891113,1.0917065143585205
1.0816152095794678,1.131865382194519
1.0232371091842651,1.1152334213256836
0.9180579781532288,1.1484971046447754
0.9077020883560181,1.1516677141189575
0.9434006214141846,1.1396241188049316
1.0160354375839233,1.1311616897583008
1.1009753942489624,1.1633363962173462
1.1009407043457031,1.1714439392089844
0.9479169845581055,1.1934417486190796
0.8885678648948669,1.1615705490112305
0.8585960865020752,1.2032668590545654
0.9489871263504028,1.1839162111282349
1.0809760093688965,1.1885526180267334
1.053591251373291,1.2261488437652588
1.0280643701553345,1.1590889692306519
0.9951128363609314,1.178157091140747
0.9345464110374451,1.189039707183838
0.8693017959594727,1.2154085636138916
0.9788539409637451,1.1990182399749756
1.0347927808761597,1.194671630859375
0.989061713218689,1.2458734512329102
0.9003074765205383,1.2059471607208252
0.9913254380226135,1.2375457286834717
0.9623381495475769,1.1794981956481934
0.9063073992729187,1.2768003940582275
0.9413926005363464,1.2119412422180176
0.971459150314331,1.242659568786621
1.020086407661438,1.1922273635864258
0.9628790616989136,1.2720061540603638
0.8706385493278503,1.2928653955459595
0.8744932413101196,1.286280632019043
0.8799521923065186,1.290163516998291
0.9313965439796448,1.232938289642334
0.9325411319732666,1.2412046194076538
0.929591715335846,1.2800136804580688
0.9514601826667786,1.317594051361084
0.8715050220489502,1.2502070665359497
0.8589533567428589,1.3625240325927734
0.8174149990081787,1.3613977432250977
0.9674068093299866,1.2683223485946655
0.9468241930007935,1.276182770729065
0.8724682927131653,1.3383691310882568
0.8690598011016846,1.3174326419830322
0.8189696073532104,1.3408875465393066
0.8744681477546692,1.3278563022613525
0.913576066493988,1.3255417346954346
0.9382120370864868,1.3016667366027832
0.8969245553016663,1.3404631614685059
0.8334066867828369,1.3374696969985962
0.8807711601257324,1.3573806285858154
0.8867740631103516,1.3356711864471436
0.8503996729850769,1.3744163513183594
0.8718110918998718,1.345956802368164
0.8333483338356018,1.3794753551483154
0.8546743392944336,1.3505158424377441
0.9602692723274231,1.3092021942138672
0.9164940118789673,1.3538968563079834
0.8414924144744873,1.3225314617156982
0.9161014556884766,1.3001360893249512
0.8667986392974854,1.3251628875732422
0.9073041081428528,1.2866826057434082
