gen,disc
0.971152126789093,1.033384084701538
0.9712927937507629,1.0795872211456299
1.0033882856369019,1.0490188598632812
1.0491505861282349,1.0287986993789673
1.020997166633606,1.0551267862319946
1.0294218063354492,1.0423486232757568
0.9634111523628235,1.1045336723327637
1.0117104053497314,1.061335802078247
0.9961141347885132,1.1915526390075684
0.981744647026062,1.121875524520874
0.9326707124710083,1.1078901290893555
0.9600400924682617,1.1217739582061768
1.028409481048584,1.112755298614502
0.983145534992218,1.1821496486663818
0.9764039516448975,1.1768865585327148
0.9345284104347229,1.2307024002075195
0.8867225646972656,1.2199547290802002
0.8919394612312317,1.2104294300079346
0.9352103471755981,1.1317598819732666
0.9624729752540588,1.1938843727111816
0.9315667152404785,1.1626088619232178
0.9211447238922119,1.2216780185699463
0.9189963936805725,1.2714266777038574
0.8652089238166809,1.2929097414016724
0.8813196420669556,1.2206220626831055
0.85890132188797,1.336686134338379
0.8709474802017212,1.2900726795196533
0.9208134412765503,1.2357393503189087
0.8703598976135254,1.3315410614013672
0.8694533705711365,1.3185296058654785
0.8504401445388794,1.3371607065200806
0.822745144367218,1.3087297677993774
0.7944278717041016,1.4057488441467285
0.8070045113563538,1.4126290082931519
0.8157786130905151,1.3709676265716553
0.8634659051895142,1.326439380645752
0.8069573640823364,1.380664348602295
0.8183608651161194,1.3420038223266602
0.8152797818183899,1.4105076789855957
0.8480332493782043,1.3447463512420654
0.8473811149597168,1.3889939785003662
0.8295885920524597,1.3203848600387573
0.822293221950531,1.4148354530334473
0.809514582157135,1.3641712665557861
0.863106369972229,1.3315680027008057
0.8298769593238831,1.3403613567352295
0.8485504984855652,1.3064985275268555
0.8379881381988525,1.3476921319961548
0.830905556678772,1.2909857034683228
0.9013530015945435,1.2619329690933228
0.8735551834106445,1.2999231815338135
0.9024496078491211,1.2586745023727417
0.8987501859664917,1.2821485996246338
0.8976844549179077,1.2541639804840088
0.9000664353370667,1.2730584144592285
0.8694772720336914,1.2516162395477295
0.8647758960723877,1.2864805459976196
0.9396604895591736,1.1841846704483032
0.9028943181037903,1.2227181196212769
0.9347617030143738,1.214594841003418
0.9627151489257812,1.1133155822753906
0.983925998210907,1.1538333892822266
0.9868779182434082,1.1446166038513184
0.9889349937438965,1.1476986408233643
0.9977043271064758,1.1704466342926025
0.9656408429145813,1.1620419025421143
0.9729670286178589,1.1355799436569214
0.986679196357727,1.1528475284576416
0.9992284774780273,1.1407248973846436
0.9861835241317749,1.1600104570388794
1.0222458839416504,1.1734187602996826
0.974690318107605,1.2038040161132812
1.000922679901123,1.162517786026001
0.9571657776832581,1.1812905073165894
0.9563028812408447,1.2289612293243408
0.9390841722488403,1.2409954071044922
0.9169822931289673,1.2373087406158447
0.9219884276390076,1.2262448072433472
0.9258942008018494,1.2482762336730957
0.9643464088439941,1.2410821914672852
0.9716786742210388,1.340327262878418
0.9331446886062622,1.3276937007904053
0.8113623857498169,1.3426555395126343
0.8205530047416687,1.3464053869247437
0.807526707649231,1.3600925207138062
0.8608376979827881,1.423126459121704
0.8374670743942261,1.3861629962921143
0.8433524370193481,1.4478943347930908
0.8635615110397339,1.405562162399292
0.8283423781394958,1.491072416305542
0.7940551042556763,1.4255082607269287
0.7625724077224731,1.4930977821350098
0.7074022889137268,1.541218638420105
0.7223919034004211,1.4667373895645142
0.7264220714569092,1.6286795139312744
0.7342998385429382,1.5225834846496582
0.7363266944885254,1.598130702972412
0.712678849697113,1.6130218505859375
0.7412761449813843,1.517799735069275
0.6915590167045593,1.5600723028182983
0.670863926410675,1.5192863941192627
0.6801310181617737,1.5085086822509766
0.672413170337677,1.4978783130645752
0.691329300403595,1.4955668449401855
0.7329323291778564,1.4494357109069824
0.778998851776123,1.428377389907837
0.7437131404876709,1.4684786796569824
0.7416831851005554,1.3983783721923828
0.7788686156272888,1.3935675621032715
0.7658408880233765,1.3583201169967651
0.7783833742141724,1.3366659879684448
0.7900304794311523,1.2540549039840698
0.7946524620056152,1.218606948852539
0.8031873106956482,1.2437323331832886
0.8415786027908325,1.2089444398880005
0.8770300149917603,1.1484758853912354
0.9007720947265625,1.1491312980651855
0.9176159501075745,1.1084222793579102
0.9847354888916016,1.0694689750671387
1.0283681154251099,1.0170066356658936
1.0285159349441528,0.9919789433479309
1.0020605325698853,1.0153741836547852
0.9769210815429688,0.9934449195861816
1.0304871797561646,0.981782078742981
1.072420358657837,0.9244354367256165
1.1106077432632446,0.9481472969055176
1.1030666828155518,0.9363366365432739
1.1753013134002686,0.9112146496772766
1.1590678691864014,0.9174504280090332
1.1514511108398438,0.9049085378646851
1.1355783939361572,0.9265077114105225
1.1278185844421387,0.9080520868301392
1.1261415481567383,0.9127823114395142
1.1123937368392944,0.9551448225975037
1.0773252248764038,0.953464150428772
1.1090450286865234,0.9271467924118042
1.0590898990631104,0.9652484059333801
1.1020572185516357,0.9906577467918396
1.1207246780395508,1.013167381286621
1.0853382349014282,0.9774594902992249
1.1269340515136719,1.0062971115112305
1.0701134204864502,1.023235559463501
0.9871312379837036,1.0548930168151855
0.9941286444664001,1.0610864162445068
0.991926908493042,1.0954002141952515
0.9799233675003052,1.2381969690322876
0.9708184003829956,1.1434941291809082
0.9674510359764099,1.1930853128433228
0.9362454414367676,1.297177791595459
0.9197447299957275,1.2510769367218018
0.9122028350830078,1.343322515487671
0.873397946357727,1.3033822774887085
0.8465704917907715,1.3739745616912842
0.8616396188735962,1.3142646551132202
0.8826811909675598,1.3833060264587402
0.8365853428840637,1.4266432523727417
0.8551033735275269,1.4403016567230225
0.8495088815689087,1.5213547945022583
0.7902178168296814,1.5918126106262207
0.7753345370292664,1.4891715049743652
0.7623820900917053,1.5064185857772827
0.775999903678894,1.5142745971679688
0.7905852794647217,1.5206825733184814
0.8001664280891418,1.570656180381775
0.8482974767684937,1.4687708616256714
0.8698434829711914,1.5395619869232178
0.8177565932273865,1.5799002647399902
0.8098320960998535,1.4659504890441895
0.7636808753013611,1.4905301332473755
0.7608399391174316,1.5534601211547852
0.7802683115005493,1.5350854396820068
0.8357115387916565,1.4600720405578613
0.8551126718521118,1.3945587873458862
0.8827270269393921,1.4171061515808105
0.9167760610580444,1.3889174461364746
0.8498641848564148,1.3770309686660767
0.8546567559242249,1.416075348854065
0.8435242176055908,1.4110199213027954
0.8563518524169922,1.343247413635254
0.8927292227745056,1.4018725156784058
0.9070727825164795,1.3686490058898926
0.9260015487670898,1.37103271484375
0.9341946840286255,1.2786636352539062
0.909702718257904,1.2917888164520264
0.9421950578689575,1.2432141304016113
0.9199800491333008,1.2451472282409668
0.9353367686271667,1.25152587890625
0.959011435508728,1.2537033557891846
1.0392351150512695,1.1613309383392334
0.9522000551223755,1.196120262145996
0.9959545731544495,1.17775559425354
0.9802536964416504,1.1894172430038452
0.9646364450454712,1.223576307296753
0.9551653265953064,1.1817138195037842
0.9307081699371338,1.1981124877929688
0.9556676149368286,1.1800649166107178
0.9427632093429565,1.1909654140472412
0.9629619717597961,1.173959732055664
0.9937101602554321,1.1591861248016357
1.0291190147399902,1.1474473476409912
1.0163524150848389,1.1584662199020386
0.9355506896972656,1.1542450189590454
0.9306356310844421,1.194859504699707
0.915732741355896,1.1238822937011719
0.9489840865135193,1.2049555778503418
0.9343294501304626,1.187192440032959
0.9048648476600647,1.2073497772216797
0.8905014991760254,1.2236278057098389
0.8408205509185791,1.263567328453064
0.8704721927642822,1.2078297138214111
0.8926849365234375,1.1949419975280762
0.8828290104866028,1.216908574104309
0.8976224660873413,1.2447282075881958
0.8475613594055176,1.2753899097442627
0.8324716091156006,1.1937057971954346
0.82167649269104,1.2179656028747559
0.8506259322166443,1.2308521270751953
0.8372217416763306,1.2153527736663818
0.8561949729919434,1.2677133083343506
0.800041675567627,1.2155488729476929
0.8099172115325928,1.2859039306640625
0.8125009536743164,1.2302048206329346
0.8117332458496094,1.2177104949951172
0.8282008171081543,1.2438287734985352
0.8606734275817871,1.1949999332427979
0.8268973231315613,1.218266248703003
0.839401364326477,1.228114366531372
0.8309251070022583,1.2314385175704956
0.8089737296104431,1.1991909742355347
0.8087432980537415,1.2323095798492432
0.8263424634933472,1.169274091720581
0.8235753774642944,1.1689506769180298
0.849514901638031,1.2144588232040405
0.9053531289100647,1.1791194677352905
0.8821007609367371,1.1655218601226807
