gen,disc
0.9886696338653564,1.321470022201538
0.9927068948745728,1.2520368099212646
0.9791712164878845,1.2865262031555176
0.9455080628395081,1.3985450267791748
0.9683724641799927,1.3077303171157837
0.8888518214225769,1.336432695388794
0.9300674200057983,1.3344998359680176
0.9287209510803223,1.319092869758606
0.9296674728393555,1.4189460277557373
0.9906312227249146,1.344748854637146
0.8964335918426514,1.3838284015655518
0.9017653465270996,1.2977840900421143
0.9132463932037354,1.371224045753479
0.8861566781997681,1.3473173379898071
0.9964557886123657,1.2821452617645264
0.926021158695221,1.3663766384124756
0.9807432293891907,1.3120152950286865
0.882501482963562,1.3035523891448975
0.9337256550788879,1.2914416790008545
0.9797150492668152,1.3166062831878662
0.9910898208618164,1.2123539447784424
0.8873324990272522,1.2969173192977905
0.95341956615448,1.3199646472930908
0.8958417177200317,1.2422242164611816
0.9032052159309387,1.273087978363037
0.8782727122306824,1.3293075561523438
0.9284811019897461,1.2635785341262817
1.0069775581359863,1.1981465816497803
1.0068869590759277,1.222271203994751
0.9815211892127991,1.2467188835144043
0.927237868309021,1.2590055465698242
0.8700739741325378,1.2352607250213623
0.8850305080413818,1.2889726161956787
0.8811395764350891,1.275423288345337
0.9620488882064819,1.19285249710083
0.9636330008506775,1.2139753103256226
1.006891131401062,1.2347726821899414
0.9888073205947876,1.2269731760025024
0.8881130218505859,1.2160390615463257
0.8764257431030273,1.2224805355072021
0.9200048446655273,1.1934975385665894
0.9351665377616882,1.1934953927993774
1.0325616598129272,1.2025580406188965
0.9499543905258179,1.1741816997528076
0.9785848259925842,1.1840999126434326
0.9752764105796814,1.1763923168182373
0.9462686777114868,1.1489744186401367
0.9234574437141418,1.169906735420227
0.975441575050354,1.1064822673797607
0.9744563102722168,1.183070182800293
1.000344157218933,1.0945370197296143
1.0687689781188965,1.1120679378509521
1.0082566738128662,1.1245956420898438
1.0802160501480103,1.0919685363769531
1.0335533618927002,1.119753122329712
1.039219617843628,1.0676548480987549
1.079819679260254,1.0477728843688965
1.028681755065918,1.07676362991333
1.053248643875122,1.0693459510803223
1.1122833490371704,1.002069115638733
1.1545311212539673,1.013413429260254
1.0598454475402832,1.1133239269256592
1.1482791900634766,1.0436623096466064
1.092606544494629,1.0691756010055542
1.1987221240997314,0.9794704914093018
1.1164628267288208,1.0418918132781982
1.12114417552948,1.024810791015625
1.1127512454986572,1.0869029760360718
1.1779390573501587,1.0701972246170044
1.207937240600586,1.0705353021621704
1.1399424076080322,1.1335508823394775
1.0572028160095215,1.0636444091796875
1.0621622800827026,1.092482089996338
1.085597038269043,1.1544299125671387
1.15701162815094,1.1079405546188354
1.1047148704528809,1.1796278953552246
1.1256487369537354,1.1633810997009277
1.1268409490585327,1.1518967151641846
1.054975986480713,1.2048094272613525
1.0205261707305908,1.191636562347412
1.0410611629486084,1.1870230436325073
1.1054658889770508,1.2026811838150024
1.130928635597229,1.2448153495788574
1.0933037996292114,1.1943142414093018
1.1514909267425537,1.1731228828430176
1.018358588218689,1.2189539670944214
0.9456800222396851,1.2549214363098145
1.0477945804595947,1.2244822978973389
1.0702581405639648,1.1590502262115479
1.159989833831787,1.2058484554290771
1.121394395828247,1.20115065574646
1.0070369243621826,1.2498679161071777
1.0634589195251465,1.141920804977417
1.003578543663025,1.2048609256744385
1.128966212272644,1.168333888053894
1.218795657157898,1.1918761730194092
1.173932671546936,1.1037468910217285
0.9755021929740906,1.1825597286224365
1.0637896060943604,1.166633129119873
1.0863769054412842,1.1548962593078613
1.122489333152771,1.111194133758545
1.0990413427352905,1.232262134552002
1.0569555759429932,1.237410545349121
1.0004785060882568,1.1665637493133545
1.0557197332382202,1.2121987342834473
0.9507818818092346,1.1730587482452393
1.0657069683074951,1.1346545219421387
1.1108345985412598,1.2855360507965088
1.233682632446289,1.2053418159484863
1.0330617427825928,1.2350177764892578
0.9129244089126587,1.216728925704956
0.8871350288391113,1.1833479404449463
0.9428970813751221,1.2387999296188354
1.0578176975250244,1.314257025718689
1.124759554862976,1.2186284065246582
1.0141611099243164,1.2713885307312012
0.9509662389755249,1.3185378313064575
0.8728222846984863,1.2651989459991455
0.9144843816757202,1.2385451793670654
0.9563291072845459,1.3368072509765625
0.9500566720962524,1.3343617916107178
0.9217725396156311,1.2823197841644287
0.8424593806266785,1.3634841442108154
0.8768917918205261,1.317061424255371
0.8980068564414978,1.3674161434173584
1.002804160118103,1.2732906341552734
0.9471824765205383,1.2580201625823975
0.961512565612793,1.322617769241333
0.871580958366394,1.3396050930023193
0.954863429069519,1.2605059146881104
0.894521951675415,1.2480757236480713
0.9840669631958008,1.2375435829162598
1.0149753093719482,1.2749894857406616
0.9598914980888367,1.2626919746398926
0.9577145576477051,1.260543942451477
0.9773684740066528,1.217442512512207
1.0256203413009644,1.1777048110961914
1.0102566480636597,1.1676867008209229
1.052300214767456,1.1553720235824585
1.0018516778945923,1.1854958534240723
1.1392000913619995,1.0632362365722656
1.1330369710922241,1.1469480991363525
1.102604627609253,1.1407732963562012
1.0780760049819946,1.0450515747070312
1.043630599975586,1.1379060745239258
1.0990667343139648,1.110788106918335
1.159119963645935,1.0686196088790894
1.2096517086029053,1.0198049545288086
1.2667909860610962,0.9980345368385315
1.2312723398208618,0.9980204105377197
1.303027629852295,0.9901122450828552
1.2429479360580444,0.9465665221214294
1.1973681449890137,1.0730011463165283
1.3126885890960693,1.0364774465560913
1.191312551498413,1.048048734664917
1.228083610534668,1.0447125434875488
1.3090357780456543,0.9889227747917175
1.2305306196212769,1.1242640018463135
1.2770094871520996,1.0660220384597778
1.1708916425704956,1.0980148315429688
1.2316319942474365,1.0211580991744995
1.1102041006088257,1.2155354022979736
1.249427318572998,1.1258881092071533
1.255070686340332,1.2144321203231812
1.1479644775390625,1.2038460969924927
1.1104044914245605,1.263836145401001
1.044518232345581,1.2593531608581543
1.0886449813842773,1.3478364944458008
1.130462884902954,1.249277114868164
1.157832145690918,1.2118067741394043
1.0508617162704468,1.356499195098877
0.9945164322853088,1.2972978353500366
1.0241841077804565,1.279933214187622
0.994668185710907,1.3329106569290161
1.1163232326507568,1.3151769638061523
1.0830632448196411,1.3380887508392334
1.0855317115783691,1.282853364944458
0.9990935325622559,1.2587902545928955
1.0205498933792114,1.2862937450408936
1.081137776374817,1.231440544128418
1.0872600078582764,1.2604756355285645
1.0971654653549194,1.1885499954223633
1.0548406839370728,1.201263666152954
1.145950436592102,1.2045217752456665
1.1552027463912964,1.0979777574539185
1.1455600261688232,1.1123363971710205
1.133326530456543,1.1508314609527588
1.1991565227508545,1.1240116357803345
1.2205079793930054,1.0537248849868774
1.1503956317901611,1.068306803703308
1.1435546875,1.060014247894287
1.149062991142273,1.1251578330993652
1.1994893550872803,1.118492841720581
1.1229349374771118,1.1281005144119263
1.118499994277954,1.1946346759796143
1.0573652982711792,1.1728777885437012
1.0261077880859375,1.1575369834899902
1.0770841836929321,1.2394647598266602
1.1420234441757202,1.1733648777008057
1.1167267560958862,1.272585391998291
1.034191370010376,1.234023094177246
0.9065097570419312,1.2987968921661377
0.9472876787185669,1.313913345336914
0.9834733605384827,1.3869541883468628
0.9531272649765015,1.308425784111023
0.9672961235046387,1.3218443393707275
0.9162282347679138,1.3513838052749634
0.9174034595489502,1.4015511274337769
0.9286872148513794,1.3615325689315796
0.8828887939453125,1.3786109685897827
0.7700307965278625,1.5386829376220703
0.8020921349525452,1.4429415464401245
0.8407531976699829,1.3725779056549072
0.9570387005805969,1.3873051404953003
0.9209940433502197,1.363258719444275
0.8734938502311707,1.3825576305389404
0.8712590932846069,1.3067021369934082
0.8244013786315918,1.3327507972717285
0.8392776250839233,1.3201361894607544
0.8695900440216064,1.3365514278411865
0.8897249698638916,1.3548083305358887
0.9579317569732666,1.293137788772583
0.8980121612548828,1.343451976776123
0.9004298448562622,1.2153840065002441
0.9412675499916077,1.1561014652252197
0.9058671593666077,1.251112699508667
1.0193276405334473,1.1925914287567139
1.0318325757980347,1.1612932682037354
1.0599700212478638,1.2503671646118164
0.9869582653045654,1.1085562705993652
0.9996667504310608,1.1455209255218506
1.0548628568649292,1.0869364738464355
1.0208064317703247,1.0844075679779053
1.068289041519165,1.1049079895019531
1.0803470611572266,1.0563395023345947
