gen,disc
0.9654879570007324,1.1558947563171387
0.9739201068878174,1.1147111654281616
1.0078076124191284,1.1642696857452393
1.0774331092834473,1.142541766166687
1.0586541891098022,1.1528546810150146
1.0763297080993652,1.1568130254745483
1.010769009590149,1.1796653270721436
0.957716703414917,1.2124546766281128
0.9719193577766418,1.1744587421417236
0.9457361698150635,1.2340657711029053
1.0107189416885376,1.2258119583129883
1.0508885383605957,1.1313543319702148
0.9951834678649902,1.1822764873504639
1.0580792427062988,1.1933608055114746
1.004179835319519,1.1754015684127808
0.9955714344978333,1.104257345199585
1.0200254917144775,1.0840808153152466
1.0744918584823608,1.0729941129684448
1.0987154245376587,1.0795155763626099
1.1673908233642578,1.0306440591812134
1.1249206066131592,1.0409513711929321
1.041826605796814,1.0126285552978516
1.0287401676177979,1.0057916641235352
1.0669463872909546,0.9714242815971375
1.1674180030822754,1.0035765171051025
1.2477116584777832,0.9572089314460754
1.22349214553833,0.9169566035270691
1.2277591228485107,0.8739129304885864
1.2049641609191895,0.8756266832351685
1.1600042581558228,0.8589802384376526
1.2728363275527954,0.8074878454208374
1.3905971050262451,0.8071743249893188
1.3826006650924683,0.773406982421875
1.3681241273880005,0.7756288051605225
1.370775580406189,0.7713215351104736
1.2995522022247314,0.7565029859542847
1.3456928730010986,0.7377520203590393
1.3382216691970825,0.7713781595230103
1.4635868072509766,0.7236177921295166
1.5445423126220703,0.7336187362670898
1.4568880796432495,0.7212615609169006
1.3382575511932373,0.7583696246147156
1.4309773445129395,0.73151695728302
1.3870183229446411,0.7140002250671387
1.4265822172164917,0.7685487270355225
1.4889847040176392,0.7623962163925171
1.4601571559906006,0.7630346417427063
1.3505123853683472,0.7613542079925537
1.2769215106964111,0.7688119411468506
1.439870834350586,0.7428653240203857
1.5386312007904053,0.79634028673172
1.4959509372711182,0.8428487777709961
1.392788290977478,0.8307000398635864
1.29204523563385,0.8269894123077393
1.2431919574737549,0.8702008724212646
1.3092403411865234,0.8729472160339355
1.4795392751693726,0.8702309131622314
1.392396330833435,0.8580297231674194
1.3442213535308838,0.9388952255249023
1.2446619272232056,0.9395517110824585
1.2075175046920776,0.9950207471847534
1.2046233415603638,1.012187123298645
1.2367134094238281,1.0550745725631714
1.1349766254425049,1.0754756927490234
1.0841988325119019,1.0487562417984009
1.1399803161621094,1.138606309890747
1.164398431777954,1.1257752180099487
1.1388170719146729,1.1136630773544312
1.2069129943847656,1.1065571308135986
1.045089840888977,1.1791224479675293
0.9993886351585388,1.1156082153320312
1.032389760017395,1.2069379091262817
1.1850310564041138,1.1579608917236328
1.1742891073226929,1.1492927074432373
1.075235366821289,1.1958231925964355
0.9330200552940369,1.2318042516708374
0.897870659828186,1.2131829261779785
1.0136719942092896,1.1546480655670166
1.18009352684021,1.1359343528747559
1.1866363286972046,1.1789257526397705
1.0698697566986084,1.1507186889648438
0.9469972848892212,1.186622977256775
0.9481874108314514,1.1270523071289062
0.967954158782959,1.2240822315216064
1.0783182382583618,1.1769452095031738
1.0495312213897705,1.176168441772461
0.9962803721427917,1.1508400440216064
0.9765092134475708,1.236182689666748
0.9820902347564697,1.1619057655334473
0.9474302530288696,1.244999885559082
1.0538326501846313,1.1355093717575073
1.0064730644226074,1.2507035732269287
0.965083658695221,1.2341454029083252
0.9276962280273438,1.1955277919769287
0.9349757432937622,1.3130412101745605
0.9150984883308411,1.2865989208221436
0.8675317764282227,1.267796516418457
0.8969624042510986,1.2878086566925049
0.9415635466575623,1.281785488128662
0.9258397817611694,1.2944135665893555
0.9568356275558472,1.3217366933822632
0.8901726007461548,1.3525409698486328
0.8459476232528687,1.3656501770019531
0.8314148783683777,1.3461382389068604
0.8804976940155029,1.309098243713379
0.8917738795280457,1.3753926753997803
0.9200809001922607,1.3166580200195312
0.8737211227416992,1.4286638498306274
0.8560982942581177,1.4605495929718018
0.84250807762146,1.4077904224395752
0.8689329028129578,1.4573853015899658
0.8254662752151489,1.3801357746124268
0.8562058210372925,1.3993167877197266
0.7980319261550903,1.443706750869751
0.887985348701477,1.434103012084961
0.8594526648521423,1.4224512577056885
0.8668230772018433,1.4563653469085693
0.8189141154289246,1.4404257535934448
0.8842037320137024,1.458456039428711
0.9036898016929626,1.3033568859100342
0.8527510166168213,1.4531521797180176
0.9293910264968872,1.3377046585083008
0.917649507522583,1.3187611103057861
0.8925244808197021,1.3801246881484985
0.9446945190429688,1.2135024070739746
1.0035572052001953,1.3394224643707275
1.0448285341262817,1.4118857383728027
0.9749629497528076,1.3982772827148438
0.9914876818656921,1.3093000650405884
0.9554495215415955,1.374765396118164
0.9290328621864319,1.325337290763855
0.966174304485321,1.297795295715332
0.9816661477088928,1.2397499084472656
1.1073564291000366,1.344730019569397
1.0974934101104736,1.2633986473083496
1.1343291997909546,1.3577382564544678
1.022169589996338,1.3020451068878174
0.975877046585083,1.3104820251464844
0.9346577525138855,1.2895663976669312
0.9550546407699585,1.2683672904968262
0.9569206833839417,1.2583613395690918
1.046217441558838,1.2806683778762817
1.0635826587677002,1.2843763828277588
1.0645742416381836,1.2594187259674072
0.9943434596061707,1.2578775882720947
0.9337701797485352,1.2865238189697266
0.9052153825759888,1.3511792421340942
0.946213960647583,1.309950828552246
0.9872593879699707,1.3448295593261719
0.9709254503250122,1.3084330558776855
0.924138605594635,1.2542688846588135
0.9593661427497864,1.1994714736938477
0.9124637246131897,1.2616565227508545
0.9228226542472839,1.2662323713302612
0.9710649251937866,1.2071398496627808
1.039929986000061,1.1766619682312012
1.0049916505813599,1.1782543659210205
0.9983880519866943,1.1182717084884644
0.9481956362724304,1.1598848104476929
1.0290025472640991,1.101222276687622
1.0267703533172607,1.073778748512268
1.0387533903121948,0.9845243692398071
1.1011676788330078,0.9648725986480713
1.1832293272018433,0.9507288336753845
1.2018189430236816,0.9514114856719971
1.2212073802947998,0.8913406133651733
1.197709083557129,0.8485952615737915
1.157152533531189,0.8636628985404968
1.2013698816299438,0.8385549187660217
1.2499604225158691,0.7678216695785522
1.3616353273391724,0.6986293792724609
1.4359418153762817,0.7022313475608826
1.4601848125457764,0.7145057916641235
1.5518063306808472,0.6729046106338501
1.5253263711929321,0.6682636141777039
1.428898572921753,0.6343154907226562
1.4636696577072144,0.5982204675674438
1.4157612323760986,0.6103935241699219
1.5756186246871948,0.583336353302002
1.7630318403244019,0.5606595873832703
1.8458356857299805,0.5693598985671997
1.8157414197921753,0.5507073402404785
1.7655935287475586,0.5684683918952942
1.6858969926834106,0.5579606294631958
1.647621512413025,0.5516638159751892
1.6251367330551147,0.5864741802215576
1.7571380138397217,0.6263425350189209
1.768705129623413,0.6191846132278442
1.7800744771957397,0.5955311059951782
1.7591090202331543,0.6414207220077515
1.6555312871932983,0.6257556676864624
1.7488809823989868,0.6894413828849792
1.763106346130371,0.6540441513061523
1.8125337362289429,0.6891529560089111
1.742167592048645,0.7570641040802002
1.6512336730957031,0.7410736680030823
1.5971568822860718,0.785125732421875
1.51992928981781,0.8373982906341553
1.5103836059570312,0.8511307239532471
1.5128910541534424,0.8887348771095276
1.5044887065887451,0.9531120657920837
1.3532323837280273,0.9875093698501587
1.269206166267395,1.0045819282531738
1.330848217010498,0.9843271374702454
1.2765579223632812,1.0581766366958618
1.1616969108581543,1.120743989944458
1.2791721820831299,1.0812442302703857
1.096519947052002,1.1850802898406982
1.127514123916626,1.1418753862380981
1.0597630739212036,1.345828652381897
1.0260801315307617,1.2667596340179443
0.9952367544174194,1.2691315412521362
0.9273121356964111,1.2967116832733154
0.9145809412002563,1.267493486404419
0.9625822901725769,1.284533143043518
0.9235988855361938,1.3363769054412842
1.0104745626449585,1.3740370273590088
0.8824392557144165,1.4389209747314453
0.8380943536758423,1.503374695777893
0.7639235258102417,1.397431492805481
0.7614776492118835,1.4192246198654175
0.7792375683784485,1.4640625715255737
0.8738450407981873,1.5266897678375244
0.8924398422241211,1.5734224319458008
0.7897207736968994,1.4477670192718506
0.7588176727294922,1.4448399543762207
0.7796695232391357,1.479936122894287
0.7699497938156128,1.4128475189208984
0.8246036767959595,1.4629497528076172
0.8364588022232056,1.4582695960998535
0.8000649213790894,1.3669853210449219
0.8278734087944031,1.3131359815597534
0.842485785484314,1.2923400402069092
0.9256290197372437,1.2744777202606201
0.9385955929756165,1.3248460292816162
