gen,disc
1.042299747467041,1.194059133529663
1.073743462562561,1.2342870235443115
1.0296223163604736,1.2034757137298584
1.0450092554092407,1.196361780166626
1.067631483078003,1.1210618019104004
1.0929621458053589,1.114108681678772
1.139061689376831,1.133951187133789
1.096860408782959,1.1234426498413086
1.1044654846191406,1.1488951444625854
1.1124682426452637,1.1014715433120728
1.0840038061141968,1.101447343826294
1.1830518245697021,1.0660951137542725
1.1047967672348022,1.0509858131408691
1.2264206409454346,1.0474419593811035
1.2234935760498047,0.9911913275718689
1.179583191871643,0.9793940782546997
1.1756030321121216,0.9607667922973633
1.2860347032546997,0.9407443404197693
1.2704041004180908,0.9726829528808594
1.2108685970306396,0.9768447875976562
1.2077842950820923,0.9397371411323547
1.2186903953552246,0.9703654050827026
1.2256059646606445,0.9619899988174438
1.2739429473876953,0.9404953122138977
1.268659234046936,0.9124294519424438
1.2826014757156372,0.9302443265914917
1.2995108366012573,0.9552403688430786
1.2820405960083008,0.9097926616668701
1.2803370952606201,0.880380392074585
1.2317078113555908,0.9020266532897949
1.3159947395324707,0.9163473844528198
1.3068829774856567,0.8928432464599609
1.2656196355819702,0.9760153293609619
1.2975590229034424,0.8638392090797424
1.3034253120422363,0.9476367831230164
1.3042991161346436,0.9279794692993164
1.2947843074798584,0.8981188535690308
1.2754385471343994,0.8481212854385376
1.3489460945129395,0.8838609457015991
1.3302381038665771,0.8965342044830322
1.3530939817428589,0.9116743803024292
1.2537111043930054,0.8832752108573914
1.2021371126174927,0.9427870512008667
1.2056154012680054,0.9994286894798279
1.303792953491211,0.8748346567153931
1.293471097946167,0.9495683908462524
1.3081310987472534,0.9024752378463745
1.2602241039276123,0.9120311737060547
1.1230067014694214,0.9458820223808289
1.2857238054275513,0.9159808158874512
1.2498462200164795,0.922183632850647
1.4539064168930054,0.9274231791496277
1.310915470123291,0.9390844106674194
1.1999629735946655,0.9101718068122864
1.082538366317749,0.9581741094589233
1.221688985824585,0.9259611368179321
1.2884958982467651,0.9817768335342407
1.3447928428649902,0.9995026588439941
1.2794876098632812,0.9817270040512085
1.1361020803451538,0.949859082698822
1.109275460243225,0.9813874363899231
1.223071813583374,1.0133150815963745
1.2871453762054443,0.9439202547073364
1.3339885473251343,0.9495233297348022
1.2141897678375244,0.9887269139289856
1.1359961032867432,0.9735429286956787
1.0800213813781738,1.0287214517593384
1.2633925676345825,1.0054435729980469
1.325434923171997,0.9937229156494141
1.2259864807128906,0.9707551002502441
1.2237176895141602,1.0402421951293945
1.2068793773651123,0.9430832862854004
1.1295769214630127,0.9905961751937866
1.1757537126541138,1.0398759841918945
1.2607979774475098,0.9239351749420166
1.291033387184143,0.9883772134780884
1.2920787334442139,1.0006434917449951
1.1739592552185059,0.9942987561225891
1.23020339012146,0.960700511932373
1.1541868448257446,1.030959129333496
1.3230884075164795,0.9460362195968628
1.3636554479599,1.0010567903518677
1.2703301906585693,0.9785169363021851
1.1381267309188843,0.993075966835022
1.2677485942840576,1.0108381509780884
1.1592743396759033,1.0022495985031128
1.1331716775894165,1.0907762050628662
1.307239294052124,0.9831864833831787
1.3709055185317993,0.9959906339645386
1.2922718524932861,0.947746992111206
1.2122843265533447,1.0832655429840088
1.2562047243118286,0.9888813495635986
1.2638726234436035,1.0077826976776123
1.2152495384216309,1.0285322666168213
1.227922797203064,0.9933360815048218
1.3178210258483887,1.0567165613174438
1.262044906616211,1.0332800149917603
1.1999821662902832,1.027585744857788
1.2123396396636963,1.0072132349014282
1.277681827545166,1.0048779249191284
1.2361520528793335,1.0842163562774658
1.2929966449737549,1.0921316146850586
1.200063943862915,1.1665639877319336
1.1632466316223145,1.109853744506836
1.0592602491378784,1.1134792566299438
1.2147324085235596,1.0605244636535645
1.2311683893203735,1.0794012546539307
1.3311512470245361,1.0472543239593506
1.284868836402893,1.1067308187484741
1.1633327007293701,1.1233630180358887
1.1924757957458496,1.0858169794082642
1.132997751235962,1.170088768005371
1.0937821865081787,1.1488230228424072
1.1489753723144531,1.1115304231643677
1.2210506200790405,1.2682509422302246
1.2585185766220093,1.1428821086883545
1.280819296836853,1.161485195159912
1.0823994874954224,1.2428245544433594
1.009619951248169,1.0635981559753418
1.0169016122817993,1.240623950958252
1.2365034818649292,1.1978574991226196
1.254555344581604,1.2426635026931763
1.0849696397781372,1.2225730419158936
1.1213557720184326,1.1469230651855469
1.1137211322784424,1.235215425491333
1.1693687438964844,1.2525441646575928
1.1240739822387695,1.1686785221099854
0.993204653263092,1.237398386001587
1.0716949701309204,1.1825129985809326
1.277660846710205,1.104256510734558
1.139621376991272,1.3036723136901855
1.0448644161224365,1.2184669971466064
1.0080453157424927,1.155759572982788
1.060283899307251,1.2452118396759033
1.169615626335144,1.242080569267273
1.091340184211731,1.2559130191802979
1.0786033868789673,1.2347643375396729
1.02326500415802,1.2507972717285156
1.0872790813446045,1.2004848718643188
1.0656306743621826,1.2149790525436401
1.1892329454421997,1.1868155002593994
1.2162920236587524,1.273720622062683
1.0865118503570557,1.1403577327728271
0.9980036020278931,1.181255578994751
1.1058590412139893,1.1297062635421753
1.1825002431869507,1.1237449645996094
1.2166378498077393,1.1301472187042236
1.1488138437271118,1.1267743110656738
1.1294841766357422,1.1347055435180664
1.0273020267486572,1.1758439540863037
1.086951494216919,1.09242582321167
1.165339469909668,1.184736728668213
1.1607598066329956,1.1761326789855957
1.1899354457855225,1.0808181762695312
1.1608279943466187,1.0564446449279785
1.149214506149292,1.109955072402954
1.0773428678512573,1.0944702625274658
1.0999085903167725,1.0981833934783936
1.230377435684204,1.0736433267593384
1.2333714962005615,1.1112582683563232
1.1379495859146118,1.179470181465149
1.0062257051467896,1.1441566944122314
1.0841178894042969,1.1215218305587769
1.2580525875091553,1.0577518939971924
1.279263973236084,1.0893837213516235
1.1766135692596436,1.0752454996109009
1.0795173645019531,1.1271939277648926
1.0116411447525024,1.1029729843139648
1.151371717453003,1.097501277923584
1.2614645957946777,1.0680290460586548
1.2544751167297363,1.1516224145889282
1.1633940935134888,1.0953855514526367
1.0509166717529297,1.0767598152160645
1.0631439685821533,1.0700948238372803
1.0347751379013062,1.1163218021392822
1.1192649602890015,1.1135063171386719
1.2968703508377075,1.0715210437774658
1.209417700767517,1.0661208629608154
1.1005936861038208,1.0365400314331055
1.0712209939956665,1.0604628324508667
1.179470419883728,1.1063075065612793
1.192491888999939,1.0452075004577637
1.1439619064331055,1.0719705820083618
1.1601932048797607,1.057166576385498
1.1366245746612549,1.0332082509994507
1.1350140571594238,1.1249326467514038
1.2406781911849976,1.0160295963287354
1.059805154800415,1.1069620847702026
1.127002239227295,1.050642728805542
1.1928577423095703,1.1301777362823486
1.2025264501571655,1.0349156856536865
1.1572104692459106,1.0807052850723267
1.0928337574005127,1.1457700729370117
1.0696451663970947,1.1143772602081299
1.1202332973480225,1.0808049440383911
1.22153639793396,1.062292218208313
1.2535868883132935,1.054490566253662
1.1286826133728027,1.0749118328094482
1.1775907278060913,1.0711324214935303
1.0981645584106445,1.03716242313385
1.1168923377990723,1.133764386177063
1.0856972932815552,1.1212927103042603
1.1238248348236084,1.137909173965454
1.1229830980300903,1.1913962364196777
1.1328351497650146,1.0868055820465088
1.1825315952301025,1.0710018873214722
1.1507737636566162,1.0877408981323242
1.1855332851409912,1.107292652130127
1.1783517599105835,0.9921461343765259
1.1854315996170044,1.0641363859176636
1.2140295505523682,1.0100953578948975
1.1878514289855957,1.0446590185165405
1.164285659790039,1.0680738687515259
1.1567234992980957,1.041057825088501
1.1900328397750854,1.003582239151001
1.116164207458496,1.039535403251648
1.2603068351745605,1.0183873176574707
1.2628233432769775,1.0991913080215454
1.2549244165420532,1.0675321817398071
1.103053092956543,1.1332776546478271
1.0623602867126465,1.0482597351074219
1.0979130268096924,1.1152344942092896
1.3078652620315552,1.061661958694458
1.4028477668762207,1.1097928285598755
1.2102460861206055,1.0298418998718262
1.037796974182129,1.0569727420806885
1.0981762409210205,1.1356383562088013
1.2143707275390625,1.0508067607879639
1.2733986377716064,1.0669349431991577
1.2395129203796387,1.064019799232483
1.2267292737960815,1.0258020162582397
1.1795191764831543,1.0612118244171143
1.094297170639038,1.0025606155395508
1.1660670042037964,1.0827088356018066
1.2618361711502075,1.077376127243042
