gen,disc
0.956046998500824,1.262532353401184
0.8929436206817627,1.2671931982040405
0.9015790224075317,1.2231690883636475
0.9139978289604187,1.2133703231811523
0.89090895652771,1.2539567947387695
0.873356819152832,1.1627774238586426
0.9431688785552979,1.1849794387817383
0.9483329057693481,1.1990501880645752
0.9733698964118958,1.2222869396209717
0.9824698567390442,1.200791597366333
0.9078835248947144,1.209667444229126
0.8458422422409058,1.2214746475219727
0.9001703858375549,1.2020204067230225
0.9453611969947815,1.1554043292999268
0.9716499447822571,1.2343506813049316
0.8925843238830566,1.2470808029174805
0.9200035333633423,1.1909728050231934
0.9009373784065247,1.1959670782089233
0.9145776033401489,1.222546100616455
0.890596866607666,1.2006115913391113
0.9804656505584717,1.1613810062408447
0.9829369187355042,1.1828415393829346
0.9036280512809753,1.2447741031646729
0.8891024589538574,1.1636649370193481
0.8843331933021545,1.1902570724487305
0.8889971971511841,1.231367588043213
0.9311146140098572,1.2315924167633057
0.972493588924408,1.2293787002563477
0.9877721071243286,1.1965985298156738
0.8833918571472168,1.1844894886016846
0.8886109590530396,1.210580587387085
0.8916908502578735,1.1868116855621338
0.8974069356918335,1.2190849781036377
0.9203134775161743,1.2059354782104492
1.0240284204483032,1.1781790256500244
0.9928956031799316,1.1951881647109985
0.9328400492668152,1.2068188190460205
0.8138786554336548,1.3302500247955322
0.8205092549324036,1.2628400325775146
0.8691245317459106,1.2436470985412598
0.9585911631584167,1.2367303371429443
1.0194411277770996,1.2297333478927612
0.9080864191055298,1.2531132698059082
0.8766745328903198,1.3112690448760986
0.878230094909668,1.2299197912216187
0.8468339443206787,1.2954156398773193
0.8830834031105042,1.2578113079071045
0.9255715608596802,1.282994270324707
0.9877076745033264,1.215769648551941
0.9763301610946655,1.2256529331207275
0.8751010298728943,1.2823055982589722
0.8859170079231262,1.2767434120178223
0.8636969923973083,1.2630035877227783
0.8727360963821411,1.2920231819152832
0.9175727367401123,1.2489409446716309
0.9468403458595276,1.2672739028930664
0.8706554174423218,1.3154575824737549
0.9160324335098267,1.2597601413726807
0.8594260215759277,1.2648999691009521
0.9091771841049194,1.258779764175415
0.9213446974754333,1.3055334091186523
0.9309970736503601,1.2703449726104736
0.9085902571678162,1.2439191341400146
0.8795547485351562,1.271772861480713
0.8954209089279175,1.2644951343536377
0.9579960703849792,1.3068382740020752
0.9015821814537048,1.307812213897705
0.8850313425064087,1.2732142210006714
0.8218733668327332,1.2659730911254883
0.8925942778587341,1.285191535949707
0.929089367389679,1.2333838939666748
0.9880985021591187,1.1990861892700195
0.9784552454948425,1.232417106628418
0.9404389262199402,1.2365221977233887
0.89037024974823,1.2224528789520264
0.8413224816322327,1.2714581489562988
0.9676167964935303,1.2075691223144531
0.9075562357902527,1.24489164352417
0.9796764850616455,1.259778618812561
0.9843966364860535,1.2476608753204346
0.8937506675720215,1.1870064735412598
0.9448341131210327,1.209744930267334
0.9016079902648926,1.2474992275238037
0.9205194711685181,1.179140329360962
0.9586890935897827,1.1667718887329102
0.9152570962905884,1.1987406015396118
1.064396619796753,1.1821075677871704
0.9408214092254639,1.1992552280426025
0.9109067916870117,1.217348575592041
0.8801504373550415,1.1935982704162598
0.9174990057945251,1.1843957901000977
1.0572541952133179,1.2109665870666504
0.9829174876213074,1.2269392013549805
0.9200382232666016,1.2341651916503906
0.8927080035209656,1.2003099918365479
0.9393358826637268,1.1969702243804932
0.893021821975708,1.2268946170806885
0.9740614295005798,1.1812081336975098
0.9875683784484863,1.1729474067687988
0.9605387449264526,1.1937460899353027
0.9679628610610962,1.2348861694335938
0.9432457685470581,1.142763614654541
0.9432048201560974,1.2023069858551025
0.9417428970336914,1.2235321998596191
0.9109450578689575,1.2157073020935059
0.9511272311210632,1.214812994003296
0.9314636588096619,1.199094295501709
0.9151321649551392,1.2589696645736694
0.9466912150382996,1.2360382080078125
0.8907436728477478,1.2361503839492798
0.9779565930366516,1.2038683891296387
0.9432957172393799,1.2204868793487549
0.9423528909683228,1.2309296131134033
0.9490591883659363,1.199770450592041
0.9086786508560181,1.2558300495147705
0.914098858833313,1.256500244140625
0.8993391990661621,1.2060976028442383
0.9375221133232117,1.2557377815246582
0.9420697689056396,1.2466788291931152
0.853454053401947,1.3065825700759888
0.9513773322105408,1.2289397716522217
0.9058866500854492,1.2689038515090942
0.875653862953186,1.2672109603881836
0.962546706199646,1.2495012283325195
0.9802422523498535,1.2383754253387451
0.9167183637619019,1.3135440349578857
0.8876295685768127,1.2508177757263184
0.859688401222229,1.3075447082519531
0.873939037322998,1.2579123973846436
0.9125325083732605,1.261021375656128
0.9213582277297974,1.2748095989227295
0.989406406879425,1.1524732112884521
1.0009452104568481,1.2655954360961914
0.8893510699272156,1.2886550426483154
0.8688561916351318,1.2766594886779785
0.8995040655136108,1.2374019622802734
0.9316423535346985,1.2775187492370605
1.0130023956298828,1.2281773090362549
0.9706567525863647,1.2328169345855713
0.8492059111595154,1.3180811405181885
0.829316258430481,1.273662805557251
0.9118788242340088,1.2160913944244385
0.9749075770378113,1.2290687561035156
0.9531437158584595,1.2322404384613037
0.9072809219360352,1.276356816291809
0.8967281579971313,1.2788150310516357
0.8198953866958618,1.2848916053771973
0.8700252771377563,1.2463405132293701
0.9076001644134521,1.2677760124206543
0.9450567960739136,1.2839915752410889
0.8977866768836975,1.2986741065979004
0.8663061261177063,1.2411129474639893
0.9261016845703125,1.2207106351852417
0.9011687636375427,1.2509278059005737
0.8691372871398926,1.3235347270965576
0.8563403487205505,1.3076701164245605
0.9337901473045349,1.2072641849517822
0.9856649041175842,1.2413091659545898
0.8855807781219482,1.264094352722168
0.8592317700386047,1.3228259086608887
0.8643986582756042,1.2627291679382324
0.8706978559494019,1.2742156982421875
0.9971945285797119,1.248746633529663
0.9317602515220642,1.2636027336120605
0.8962609767913818,1.2670116424560547
0.856140673160553,1.2310473918914795
0.9188603162765503,1.2102675437927246
0.9221170544624329,1.2243461608886719
0.9358769655227661,1.2802202701568604
0.8734020590782166,1.2837483882904053
0.8471411466598511,1.2424187660217285
0.8959918022155762,1.273597002029419
0.9217949509620667,1.284339427947998
0.9548220038414001,1.2420003414154053
0.9384179711341858,1.1810603141784668
0.8653284907341003,1.2335147857666016
0.9122906923294067,1.2349026203155518
0.8752051591873169,1.2263309955596924
0.9755815863609314,1.2316150665283203
0.9429123997688293,1.20716392993927
0.9349260926246643,1.1829501390457153
0.8980634808540344,1.2189031839370728
0.9306904077529907,1.234433889389038
1.0353753566741943,1.1709368228912354
0.9971086978912354,1.1250770092010498
0.9328942894935608,1.176045536994934
0.907339334487915,1.2016470432281494
0.909470796585083,1.177010416984558
0.9385645389556885,1.169722318649292
1.0726262331008911,1.1473791599273682
0.9693373441696167,1.1881804466247559
0.9496866464614868,1.185659408569336
0.9073212742805481,1.1735910177230835
0.9302139282226562,1.1896201372146606
0.9945603609085083,1.1678822040557861
0.9777692556381226,1.2180838584899902
1.0324229001998901,1.1604421138763428
0.9744657278060913,1.1698763370513916
0.9132269620895386,1.1786623001098633
0.8927037715911865,1.160053014755249
0.938515841960907,1.1684484481811523
1.0076647996902466,1.1810764074325562
1.079951286315918,1.1481074094772339
1.052149772644043,1.1816911697387695
0.9030344486236572,1.1777944564819336
0.8461283445358276,1.1819647550582886
0.8725491166114807,1.2473814487457275
1.0177444219589233,1.1718382835388184
1.0603504180908203,1.158301830291748
1.0638458728790283,1.151071310043335
0.8976069092750549,1.240630030632019
0.8495471477508545,1.233428716659546
0.9032819271087646,1.1973419189453125
0.916364848613739,1.2224040031433105
1.0049870014190674,1.2320408821105957
1.0211248397827148,1.1999270915985107
0.9746795892715454,1.2458486557006836
0.8119399547576904,1.2528468370437622
0.8844651579856873,1.2127625942230225
0.9558777213096619,1.1766606569290161
0.9540510773658752,1.21340012550354
0.9507284760475159,1.2718777656555176
0.9615616202354431,1.2414100170135498
0.8530223369598389,1.261565923690796
0.8354297876358032,1.2840639352798462
0.8432173728942871,1.2954049110412598
0.866054892539978,1.2939367294311523
0.9322395920753479,1.269251823425293
0.8995142579078674,1.2863211631774902
0.8984575867652893,1.286317229270935
0.8843677043914795,1.2932356595993042
0.8170686960220337,1.2965199947357178
0.8698901534080505,1.2475066184997559
0.8925352692604065,1.2741327285766602
0.9283439517021179,1.3149770498275757
