gen,disc
1.2022589445114136,1.0658937692642212
1.1644349098205566,1.058753252029419
1.0065853595733643,1.0698130130767822
1.0084011554718018,1.1296451091766357
1.138574242591858,1.053725004196167
1.205844521522522,1.0600440502166748
1.258034348487854,1.027747392654419
1.1136868000030518,1.103062629699707
1.0080835819244385,1.1058732271194458
1.0289857387542725,1.0649172067642212
1.0442633628845215,1.1030246019363403
1.1876797676086426,1.0730239152908325
1.191933035850525,1.1463061571121216
1.1449857950210571,1.0856316089630127
0.9831095933914185,1.1646678447723389
0.9583239555358887,1.1799018383026123
1.0846830606460571,1.1272748708724976
1.0386720895767212,1.1751755475997925
1.1536582708358765,1.1808991432189941
1.1543515920639038,1.1139676570892334
1.0055207014083862,1.1771783828735352
1.0233172178268433,1.1895638704299927
1.0124934911727905,1.1944377422332764
1.0073766708374023,1.2007019519805908
1.0342460870742798,1.2316083908081055
1.0930341482162476,1.2692224979400635
0.9488388895988464,1.2030669450759888
0.9201204776763916,1.2018228769302368
1.0230919122695923,1.294114351272583
1.0173197984695435,1.2814371585845947
1.0749534368515015,1.242380142211914
0.9679028391838074,1.2588469982147217
0.8919988870620728,1.2801227569580078
0.999899685382843,1.26162588596344
1.0539956092834473,1.2863028049468994
1.0163190364837646,1.3037357330322266
0.9872496724128723,1.2234630584716797
0.922075629234314,1.3480035066604614
0.947152853012085,1.306706190109253
0.9872571229934692,1.2815723419189453
1.1048283576965332,1.295959711074829
0.9501209855079651,1.3147900104522705
0.8565964102745056,1.325602650642395
0.957879900932312,1.2716553211212158
1.067793369293213,1.253370761871338
1.0208195447921753,1.2656886577606201
0.9158295392990112,1.340822696685791
0.9296739101409912,1.3460712432861328
0.9608818292617798,1.2836103439331055
0.9634174108505249,1.2713507413864136
0.9969354271888733,1.2437002658843994
0.9301588535308838,1.333650827407837
0.9926181435585022,1.3020011186599731
0.9573476910591125,1.2929857969284058
0.9730148315429688,1.258021354675293
0.9094130396842957,1.3375575542449951
0.9910174012184143,1.2998137474060059
1.0128371715545654,1.255949854850769
1.0231037139892578,1.2273380756378174
0.9555167555809021,1.2102476358413696
0.9301717877388,1.296243667602539
1.05443274974823,1.2429561614990234
1.033115029335022,1.278364658355713
0.9843274354934692,1.2749598026275635
0.8692476749420166,1.2770671844482422
0.9031153917312622,1.2088932991027832
0.9541490077972412,1.2585151195526123
1.0897912979125977,1.249977946281433
1.0293267965316772,1.2537240982055664
1.019793152809143,1.240720272064209
0.9618304371833801,1.1926441192626953
0.9268251657485962,1.1863213777542114
0.9976193308830261,1.1333425045013428
1.0498418807983398,1.240516185760498
1.0635288953781128,1.2158284187316895
1.0421313047409058,1.235374927520752
1.0048742294311523,1.1565024852752686
0.8988602757453918,1.2631421089172363
0.929541826248169,1.2519044876098633
0.9591329097747803,1.2393994331359863
0.9933847784996033,1.2463836669921875
1.0230109691619873,1.1551626920700073
1.03934645652771,1.2248384952545166
1.0099577903747559,1.2119481563568115
1.006150722503662,1.1631619930267334
0.9767662286758423,1.155517339706421
0.9970231056213379,1.14821195602417
0.9712578654289246,1.181396722793579
1.0450198650360107,1.1415629386901855
1.0231519937515259,1.1808788776397705
0.984232485294342,1.1606707572937012
1.035490870475769,1.1872882843017578
1.0623812675476074,1.1823316812515259
1.0290346145629883,1.173537015914917
0.9683785438537598,1.1682319641113281
0.92267245054245,1.1986668109893799
1.0113613605499268,1.2311677932739258
1.0672017335891724,1.1935977935791016
1.0487607717514038,1.185074806213379
1.0069564580917358,1.2323288917541504
0.9255015850067139,1.17327082157135
0.9289401769638062,1.1776552200317383
1.052675485610962,1.1135294437408447
1.0484273433685303,1.2469186782836914
1.0187236070632935,1.1481475830078125
1.005352258682251,1.1729741096496582
0.9342883825302124,1.1571767330169678
0.952881932258606,1.1688451766967773
0.9856595396995544,1.1896913051605225
1.1785274744033813,1.2076561450958252
1.0186761617660522,1.2176284790039062
1.015987753868103,1.1452734470367432
0.935870885848999,1.1864902973175049
0.9203014969825745,1.2264755964279175
1.0989174842834473,1.1530067920684814
1.1147449016571045,1.2115275859832764
1.0473670959472656,1.2097439765930176
1.0096431970596313,1.1715675592422485
0.9360479116439819,1.2005712985992432
1.0356789827346802,1.1295007467269897
0.9956451654434204,1.2335845232009888
1.0637060403823853,1.1447646617889404
1.016088843345642,1.1754893064498901
0.9649684429168701,1.1514021158218384
1.042682409286499,1.1801769733428955
1.0675702095031738,1.1164432764053345
1.081108808517456,1.1583126783370972
1.0078742504119873,1.1967471837997437
1.0419671535491943,1.1144617795944214
0.9470827579498291,1.1514217853546143
0.9312078356742859,1.196553111076355
1.0886178016662598,1.1124556064605713
1.0906206369400024,1.1626343727111816
1.0470011234283447,1.1605286598205566
1.0373194217681885,1.16664719581604
0.9495897889137268,1.187171220779419
0.9740521907806396,1.130979061126709
0.947888970375061,1.1987357139587402
1.1086061000823975,1.1664540767669678
1.085137963294983,1.1499192714691162
1.0045355558395386,1.1807506084442139
1.0224272012710571,1.1242485046386719
1.0566004514694214,1.1640537977218628
0.9987276792526245,1.1470742225646973
1.0044149160385132,1.1851119995117188
1.0565756559371948,1.1190476417541504
1.0615214109420776,1.1434309482574463
1.0032069683074951,1.1622364521026611
1.0763936042785645,1.100860834121704
1.1151915788650513,1.0417629480361938
1.0034794807434082,1.1007976531982422
1.009961485862732,1.143139123916626
1.0866484642028809,1.075626254081726
1.1223851442337036,1.107896089553833
1.1048481464385986,1.1366424560546875
1.0908095836639404,1.0914888381958008
0.9155079126358032,1.2030740976333618
0.8847296833992004,1.147191047668457
1.0486809015274048,1.1523048877716064
1.1006556749343872,1.177778959274292
1.1425132751464844,1.1586277484893799
1.1321666240692139,1.117696762084961
1.1171789169311523,1.13374924659729
0.9026881456375122,1.174968957901001
0.8259100317955017,1.2452592849731445
1.0353248119354248,1.121147632598877
1.1791815757751465,1.1826281547546387
1.1664234399795532,1.2013530731201172
1.023317575454712,1.1845481395721436
0.8768289685249329,1.1907446384429932
0.8983291983604431,1.19004487991333
0.9296165704727173,1.1650763750076294
1.068154215812683,1.1688809394836426
1.1667461395263672,1.2295725345611572
1.0895187854766846,1.2508313655853271
0.9172055125236511,1.166765809059143
0.8700081706047058,1.218656301498413
0.963556706905365,1.1853084564208984
1.0811104774475098,1.1935235261917114
1.1142290830612183,1.235713005065918
1.0532621145248413,1.1772141456604004
0.9569453001022339,1.2521510124206543
0.8702549934387207,1.2662248611450195
0.9665469527244568,1.1895220279693604
1.015071153640747,1.2559735774993896
1.0678460597991943,1.1983959674835205
1.0615369081497192,1.1394070386886597
0.9151049852371216,1.2841720581054688
1.009514570236206,1.145674467086792
0.9687168002128601,1.177799940109253
0.966240406036377,1.2512699365615845
1.0259596109390259,1.250563383102417
1.0340681076049805,1.2220535278320312
1.0040451288223267,1.2564178705215454
0.8698524832725525,1.3084930181503296
0.9200594425201416,1.2543580532073975
0.9718695282936096,1.2819314002990723
1.0606350898742676,1.2830735445022583
0.9596211910247803,1.2624740600585938
0.9866934418678284,1.2679927349090576
0.797069787979126,1.3689637184143066
0.9452287554740906,1.2619800567626953
1.0258290767669678,1.2695342302322388
1.0159578323364258,1.2671111822128296
0.9504596590995789,1.2926859855651855
0.915360152721405,1.24684476852417
0.9596837759017944,1.1845767498016357
0.9381502866744995,1.2678720951080322
0.9940950870513916,1.2646688222885132
1.0353878736495972,1.2122018337249756
1.0156562328338623,1.2613029479980469
0.9309531450271606,1.2771053314208984
0.8751978874206543,1.2122831344604492
0.8556094169616699,1.3048138618469238
0.9934062957763672,1.2706165313720703
0.9920241236686707,1.222336769104004
1.0766202211380005,1.2056961059570312
0.9145609736442566,1.3088394403457642
0.9275054335594177,1.2493740320205688
0.9395501017570496,1.2491248846054077
0.9186800718307495,1.3027384281158447
0.9318585395812988,1.2603402137756348
0.9808485507965088,1.2215880155563354
0.9441859722137451,1.2742887735366821
0.9419621825218201,1.2440681457519531
0.997874915599823,1.1482279300689697
0.9931982755661011,1.2095823287963867
0.9268614053726196,1.2731536626815796
0.931698739528656,1.2836402654647827
0.9423850774765015,1.230407953262329
0.9974381923675537,1.2582110166549683
0.9455925226211548,1.263330340385437
0.8911796808242798,1.223677635192871
0.9161209464073181,1.2353367805480957
0.913246750831604,1.2947334051132202
