gen,disc
1.0972201824188232,0.8040443658828735
1.1095877885818481,0.8224064111709595
1.1473745107650757,0.8060314655303955
1.1264594793319702,0.8309615850448608
1.1336244344711304,0.8438831567764282
1.1641573905944824,0.8386296033859253
1.166061520576477,0.805611252784729
1.1739044189453125,0.8246414661407471
1.1173628568649292,0.8871052861213684
1.114004373550415,0.8745853900909424
1.115862488746643,0.9064087271690369
1.0903884172439575,0.9570313096046448
1.0972052812576294,0.982950747013092
1.0699687004089355,0.973476231098175
1.0201356410980225,1.08261239528656
0.9614145755767822,1.1266664266586304
0.8808538913726807,1.2150959968566895
0.8654916286468506,1.2689731121063232
0.7915445566177368,1.2983062267303467
0.7253913879394531,1.4179143905639648
0.7069759964942932,1.4293962717056274
0.7017399668693542,1.5023890733718872
0.6556257009506226,1.6333281993865967
0.6752967834472656,1.6526052951812744
0.656132698059082,1.7172114849090576
0.6792752742767334,1.7916862964630127
0.6589734554290771,1.8385621309280396
0.6119512319564819,1.8118492364883423
0.595482349395752,1.8341495990753174
0.6185131669044495,1.763430118560791
0.5708736181259155,1.7604498863220215
0.5731143951416016,1.7709283828735352
0.5625554323196411,1.715627670288086
0.5561028122901917,1.722935676574707
0.598122775554657,1.6704286336898804
0.6319267749786377,1.5902873277664185
0.6737411022186279,1.5947189331054688
0.6953827142715454,1.5965901613235474
0.7003494501113892,1.4941308498382568
0.7268052101135254,1.4415830373764038
0.7375364303588867,1.3983423709869385
0.7454700469970703,1.3871270418167114
0.7458308339118958,1.318993091583252
0.7625013589859009,1.292417287826538
0.7877299785614014,1.273650884628296
0.7839730978012085,1.2296626567840576
0.7992160320281982,1.1916394233703613
0.8135704398155212,1.172001600265503
0.8211302161216736,1.105973243713379
0.8495189547538757,1.1094000339508057
0.8679986596107483,1.0773051977157593
0.9053705334663391,1.0456711053848267
0.9333124756813049,1.0176427364349365
0.9451383352279663,1.0405312776565552
0.9658095836639404,0.9884435534477234
0.9657930135726929,0.9805131554603577
0.985723614692688,0.9449019432067871
0.9974402189254761,0.9491949677467346
1.030925989151001,0.9331136345863342
1.036144733428955,0.9017478227615356
1.0492266416549683,0.9115523099899292
1.0541653633117676,0.8730734586715698
1.0592271089553833,0.8952028751373291
1.0769578218460083,0.8919256925582886
1.0755139589309692,0.852449893951416
1.0916897058486938,0.8459243774414062
1.0882935523986816,0.8344376087188721
1.0970485210418701,0.8367282152175903
1.1199311017990112,0.8130115270614624
1.1176587343215942,0.8119651079177856
1.137747883796692,0.8041517734527588
1.1365375518798828,0.8221819400787354
1.144683599472046,0.7877515554428101
1.1403299570083618,0.7996200919151306
1.1301170587539673,0.8093650937080383
1.136122465133667,0.7743566632270813
1.139672040939331,0.7897368669509888
1.1423622369766235,0.8065693378448486
1.1562609672546387,0.7926544547080994
1.17532217502594,0.796601414680481
1.1645567417144775,0.7974822521209717
1.171859622001648,0.7760905027389526
1.1885969638824463,0.7609766721725464
1.1924493312835693,0.7370384335517883
1.198319911956787,0.7736636400222778
1.24570631980896,0.7772724032402039
1.2516041994094849,0.7498905658721924
1.2449036836624146,0.7447935938835144
1.2634211778640747,0.7265305519104004
1.254931926727295,0.7449772357940674
1.253260850906372,0.7503718137741089
1.2423193454742432,0.734628438949585
1.2469552755355835,0.7079636454582214
1.2446584701538086,0.6850035786628723
1.2353250980377197,0.7121660709381104
1.2227309942245483,0.7026277780532837
1.2056608200073242,0.6977261304855347
1.216966152191162,0.702700138092041
1.227657675743103,0.7167927026748657
1.1853755712509155,0.7706636190414429
1.17520272731781,0.7179467678070068
1.1302769184112549,0.7594359517097473
1.13084876537323,0.784416675567627
1.1020487546920776,0.7747536301612854
1.0920300483703613,0.7962650060653687
1.0706921815872192,0.8896377086639404
1.0596117973327637,0.8475707769393921
1.0348985195159912,0.8976520299911499
0.9918832182884216,0.9715089797973633
0.970177173614502,0.9969362616539001
0.9210551977157593,1.0695531368255615
0.8419095277786255,1.1551740169525146
0.7889065146446228,1.229299783706665
0.7083545923233032,1.346575379371643
0.6505109667778015,1.470078706741333
0.5749372243881226,1.5662286281585693
0.5400962829589844,1.6292662620544434
0.502048671245575,1.72324538230896
0.5182326436042786,1.7766447067260742
0.4981115460395813,1.873346209526062
0.49925506114959717,1.94235098361969
0.48657292127609253,1.8961684703826904
0.4984789192676544,1.924781322479248
0.49630919098854065,1.8436017036437988
0.5201238393783569,1.822598934173584
0.5360350012779236,1.7615478038787842
0.5272263288497925,1.6838171482086182
0.5573371052742004,1.6178150177001953
0.6033895611763,1.5032598972320557
0.642896294593811,1.439004898071289
0.7024986743927002,1.3445920944213867
0.7613226175308228,1.225456714630127
0.7955292463302612,1.22140634059906
0.8416394591331482,1.1529799699783325
0.9051946401596069,1.1006042957305908
0.9605486989021301,1.0524307489395142
0.9905391335487366,1.0265575647354126
1.0177602767944336,0.9878065586090088
1.0523613691329956,0.9439343214035034
1.0312318801879883,0.9689643979072571
1.084010124206543,0.9262711405754089
1.099196434020996,0.9362121820449829
1.1094980239868164,0.9701457023620605
1.0876712799072266,0.9258222579956055
1.104886770248413,0.9742692112922668
1.0905959606170654,0.9980133771896362
1.0907723903656006,0.9707121849060059
1.0340709686279297,1.0457195043563843
1.0613970756530762,1.0320563316345215
1.0580685138702393,1.0672308206558228
0.9952412247657776,1.1209508180618286
0.9979108572006226,1.0608444213867188
0.9815887808799744,1.1243617534637451
1.0085266828536987,1.1528191566467285
1.0169285535812378,1.178049087524414
0.993327796459198,1.1832438707351685
1.0394420623779297,1.1949307918548584
1.006083607673645,1.2165932655334473
1.011679768562317,1.2243788242340088
0.9571977257728577,1.2152940034866333
0.9998956918716431,1.1733729839324951
1.028832197189331,1.1116727590560913
1.0005613565444946,1.1990413665771484
0.9941697120666504,1.176086187362671
1.000170350074768,1.17022705078125
1.0200636386871338,1.1619901657104492
1.031630277633667,1.1248326301574707
1.0468761920928955,1.0639537572860718
1.0834827423095703,1.1136126518249512
1.06754732131958,1.1256732940673828
1.0379165410995483,1.1898317337036133
0.9737008810043335,1.171281099319458
0.9479701519012451,1.2062350511550903
0.9308208227157593,1.228124976158142
0.9869827628135681,1.2453715801239014
0.9852051734924316,1.1762723922729492
1.0130579471588135,1.2635588645935059
1.0272870063781738,1.2060117721557617
1.0316593647003174,1.189613699913025
1.0119011402130127,1.1813298463821411
1.013425350189209,1.154880166053772
1.0000730752944946,1.1418366432189941
1.0153354406356812,1.0513598918914795
1.0291900634765625,1.0277831554412842
1.082319974899292,1.0262987613677979
1.1351178884506226,0.9642953872680664
1.1702357530593872,0.9287306070327759
1.205796718597412,0.9294165372848511
1.192638874053955,0.8697006702423096
1.1707921028137207,0.8691298961639404
1.2096316814422607,0.8437861204147339
1.224404215812683,0.828747034072876
1.2900482416152954,0.8233076333999634
1.290196180343628,0.8455254435539246
1.3100632429122925,0.8361393213272095
1.292051076889038,0.8209253549575806
1.2791953086853027,0.8459255695343018
1.3121141195297241,0.8635593056678772
1.3099793195724487,0.8645387887954712
1.2946557998657227,0.8892111778259277
1.3444846868515015,0.864695131778717
1.392774224281311,0.8933221697807312
1.3806567192077637,0.9653704166412354
1.4239907264709473,0.9047821760177612
1.420405626296997,0.9346565008163452
1.387223482131958,0.9361509084701538
1.3539646863937378,0.9732593894004822
1.3573691844940186,0.9586398601531982
1.3625683784484863,0.851342499256134
1.3328933715820312,0.8766828179359436
1.3877167701721191,0.8578863143920898
1.4548702239990234,0.8296623229980469
1.4912164211273193,0.8323606252670288
1.5526320934295654,0.7829316854476929
1.544442892074585,0.7808754444122314
1.6390643119812012,0.7408638000488281
1.6386466026306152,0.7385506629943848
1.5741633176803589,0.6601464152336121
1.6086894273757935,0.6778748035430908
1.5757039785385132,0.6861308217048645
1.5744057893753052,0.6469539999961853
1.6114578247070312,0.6367860436439514
1.6043429374694824,0.6402347087860107
1.623187780380249,0.604214608669281
1.6077619791030884,0.5753743052482605
1.6048457622528076,0.6050865054130554
1.686099648475647,0.5779584050178528
1.6543593406677246,0.5764003396034241
1.6397826671600342,0.5889293551445007
1.6314759254455566,0.5946613550186157
1.5948313474655151,0.5819566249847412
1.5634198188781738,0.5813296437263489
1.5487717390060425,0.6052634716033936
1.4977442026138306,0.6508417725563049
1.45386803150177,0.6064128875732422
