gen,disc
0.9527332782745361,1.2765207290649414
0.9484091997146606,1.1714835166931152
1.109856128692627,1.2020810842514038
1.128082513809204,1.1731712818145752
1.1673904657363892,1.2601220607757568
1.1208604574203491,1.178527593612671
1.107780933380127,1.1936098337173462
0.9987235069274902,1.223337173461914
0.9631413817405701,1.2280800342559814
1.048445701599121,1.2050524950027466
1.1183686256408691,1.2313015460968018
1.1172126531600952,1.2481236457824707
1.0160175561904907,1.2717560529708862
1.0093393325805664,1.2343089580535889
0.9510788917541504,1.2698774337768555
1.03910231590271,1.1953153610229492
1.13417649269104,1.1900708675384521
1.1693062782287598,1.1813364028930664
1.0692024230957031,1.2134175300598145
1.0054538249969482,1.203629493713379
1.062069058418274,1.1449339389801025
1.1120532751083374,1.142486810684204
0.9663671851158142,1.2701777219772339
1.1438583135604858,1.0954768657684326
1.1428630352020264,1.1858396530151367
1.0875681638717651,1.2292319536209106
0.9741336107254028,1.2100450992584229
1.0251067876815796,1.184006929397583
1.1297885179519653,1.114486575126648
1.1689281463623047,1.0992363691329956
1.1260300874710083,1.120246171951294
1.1141773462295532,1.133457899093628
1.1325123310089111,1.1344475746154785
1.1054632663726807,1.1358230113983154
1.137477159500122,1.0793555974960327
1.0510549545288086,1.110793113708496
1.0353041887283325,1.0768383741378784
1.1715283393859863,1.0769672393798828
1.2076432704925537,1.1303963661193848
1.1002177000045776,1.1423366069793701
1.0559896230697632,1.1523025035858154
1.0746960639953613,1.0665283203125
1.0943182706832886,1.1035199165344238
1.201639175415039,1.0983011722564697
1.2367372512817383,0.988837718963623
1.1789861917495728,1.0129802227020264
1.2295668125152588,1.0189045667648315
1.1145784854888916,1.0374164581298828
1.1359920501708984,1.0237561464309692
1.2872322797775269,0.9499154686927795
1.2628765106201172,1.0243759155273438
1.2318150997161865,1.0411826372146606
1.1347049474716187,1.0580761432647705
1.0882155895233154,0.9790455102920532
1.123213768005371,1.0172672271728516
1.2175562381744385,1.0022821426391602
1.3192789554595947,1.0425958633422852
1.2571780681610107,0.9668257236480713
1.2341262102127075,0.9486693143844604
1.0744599103927612,0.9894369840621948
1.176797866821289,1.0135715007781982
1.2606685161590576,1.033435583114624
1.340476155281067,0.9790793657302856
1.2216923236846924,0.9934221506118774
1.1969040632247925,0.9900979399681091
1.1752818822860718,0.97774738073349
1.188755750656128,0.9943358302116394
1.2937297821044922,1.0183839797973633
1.263044834136963,0.9470940828323364
1.3317558765411377,1.018838882446289
1.2170785665512085,1.0310934782028198
1.1427592039108276,0.9183961749076843
1.1427264213562012,0.9981812238693237
1.1430376768112183,1.0219312906265259
1.195228934288025,1.0239017009735107
1.265568494796753,1.040262222290039
1.208526849746704,1.1192444562911987
1.205171823501587,1.030852198600769
1.0331050157546997,1.0505263805389404
1.031732439994812,1.1031053066253662
1.0960662364959717,1.0884442329406738
1.3506640195846558,1.0836708545684814
1.2080509662628174,1.0796618461608887
1.1078591346740723,1.0634238719940186
1.0472580194473267,1.0668718814849854
1.1283830404281616,1.0724295377731323
1.071190595626831,1.1664376258850098
1.2153853178024292,1.067445158958435
1.1193959712982178,1.174589991569519
1.2045427560806274,1.0954430103302002
0.9906817674636841,1.15508234500885
0.9818239212036133,1.1776328086853027
1.0642222166061401,1.1908514499664307
1.1622835397720337,1.1322189569473267
1.0816411972045898,1.1735258102416992
1.062278389930725,1.183084487915039
1.0527708530426025,1.2163692712783813
0.9564403891563416,1.2642748355865479
1.0405431985855103,1.1757450103759766
1.1045610904693604,1.2106397151947021
1.1216895580291748,1.244318962097168
0.958193302154541,1.3311188220977783
0.9721484184265137,1.2160592079162598
0.8980987071990967,1.301051139831543
1.0152628421783447,1.2507429122924805
1.109105110168457,1.2807977199554443
1.102271318435669,1.2702629566192627
1.0260027647018433,1.2885336875915527
0.9914520978927612,1.1919114589691162
0.9198351502418518,1.2189836502075195
0.9350227117538452,1.2658658027648926
1.0062615871429443,1.3209809064865112
1.170174241065979,1.2381203174591064
1.0324468612670898,1.2536717653274536
0.9612879753112793,1.2974252700805664
0.9157038331031799,1.3038043975830078
0.967314600944519,1.2991702556610107
0.9471296072006226,1.2332727909088135
0.9813563227653503,1.2438580989837646
1.1051737070083618,1.3060047626495361
1.1066977977752686,1.3348431587219238
1.0017956495285034,1.1814289093017578
0.8195328116416931,1.2891294956207275
0.9104418754577637,1.3064463138580322
1.0260106325149536,1.2588562965393066
1.1051346063613892,1.2828526496887207
1.1327039003372192,1.254906177520752
0.9922228455543518,1.2480627298355103
0.9151501059532166,1.2291828393936157
0.979067325592041,1.274030327796936
0.9715520739555359,1.266357183456421
1.099310278892517,1.2559034824371338
1.0920188426971436,1.2791416645050049
0.9880797863006592,1.275371789932251
0.947408139705658,1.273223638534546
0.8707935810089111,1.2638351917266846
1.0721369981765747,1.3075568675994873
1.0194382667541504,1.2658811807632446
1.0550620555877686,1.2835121154785156
1.003337025642395,1.2752736806869507
0.8985282778739929,1.3095991611480713
0.9960410594940186,1.2993457317352295
0.9622898101806641,1.26076340675354
1.0078418254852295,1.2472736835479736
1.0339164733886719,1.293318510055542
1.0423047542572021,1.3379762172698975
1.0144950151443481,1.220386028289795
1.0245471000671387,1.2877893447875977
0.9730726480484009,1.248852014541626
1.023161768913269,1.236332893371582
1.0121455192565918,1.286745309829712
1.0124354362487793,1.1735270023345947
1.069614052772522,1.2615197896957397
1.0899866819381714,1.250192642211914
1.0308512449264526,1.272676944732666
0.9698160886764526,1.2061285972595215
1.0056846141815186,1.209946870803833
1.1202974319458008,1.1670081615447998
1.0783411264419556,1.2390789985656738
1.0501351356506348,1.2368767261505127
1.0696964263916016,1.1053388118743896
0.9756778478622437,1.1679093837738037
1.004563570022583,1.1482107639312744
1.0859565734863281,1.1739013195037842
1.2345936298370361,1.1347129344940186
1.2014700174331665,1.0873208045959473
1.040358066558838,1.2049636840820312
0.984018087387085,1.1447722911834717
1.0850636959075928,1.0954432487487793
1.1264979839324951,1.1257702112197876
1.1936662197113037,1.1110279560089111
1.2627716064453125,0.9534999132156372
1.1865460872650146,1.0658469200134277
1.1757197380065918,0.9955023527145386
1.0676686763763428,1.0033612251281738
1.1147500276565552,0.9620726108551025
1.2913110256195068,1.0119106769561768
1.362806797027588,1.0410430431365967
1.1975302696228027,0.9689387083053589
1.1444655656814575,0.9967713952064514
1.0976252555847168,0.9359029531478882
1.1557976007461548,0.9362409114837646
1.3435370922088623,0.9291688203811646
1.4006139039993286,0.9473748207092285
1.3497875928878784,0.9010246396064758
1.1868427991867065,0.9239143133163452
1.160441517829895,0.9479453563690186
1.1583340167999268,0.9170466065406799
1.3107324838638306,0.8667247295379639
1.2476937770843506,0.9046761393547058
1.4079139232635498,0.9967133402824402
1.2784249782562256,0.9350825548171997
1.1880344152450562,0.9179871678352356
1.1621161699295044,0.9440309405326843
1.1403623819351196,0.9215645790100098
1.269888162612915,0.9087316989898682
1.3490465879440308,0.9517109394073486
1.3836687803268433,0.9082096815109253
1.281437635421753,0.9362678527832031
1.171301007270813,0.9822181463241577
1.147671103477478,0.9822224974632263
1.2221825122833252,0.9586725831031799
1.287778377532959,0.9962000846862793
1.345412254333496,0.9299553036689758
1.2778092622756958,1.0020679235458374
1.184098243713379,0.9869452118873596
1.176924705505371,0.9457868933677673
1.1891411542892456,1.0254833698272705
1.1239030361175537,1.091167688369751
1.2790400981903076,0.975134015083313
1.302051067352295,1.0429306030273438
1.2150756120681763,1.0272847414016724
1.0859863758087158,1.0806868076324463
1.032011866569519,1.091566801071167
1.1416614055633545,1.0553208589553833
1.2209734916687012,1.0944898128509521
1.1977108716964722,1.101104497909546
1.216186761856079,1.0961720943450928
1.176245927810669,1.0053797960281372
1.0359983444213867,1.0990922451019287
1.143600344657898,1.000504970550537
1.1235390901565552,1.0949610471725464
1.1334693431854248,1.1237841844558716
1.2640602588653564,1.1284234523773193
1.1977834701538086,1.0684254169464111
1.0305194854736328,1.1062655448913574
1.0540823936462402,1.0902204513549805
1.150046944618225,1.1575849056243896
1.2392584085464478,1.13167142868042
1.2534059286117554,1.0891448259353638
1.0427770614624023,1.119820237159729
0.9866355657577515,1.1615338325500488
1.1110223531723022,1.1614792346954346
1.1493746042251587,1.1488282680511475
1.0829533338546753,1.265244722366333
