gen,disc
0.9020936489105225,1.1428459882736206
0.8399322628974915,1.150848150253296
0.8396632075309753,1.1401035785675049
0.8610478639602661,1.1273221969604492
0.8609416484832764,1.1757982969284058
0.9222631454467773,1.1493022441864014
0.9027208685874939,1.1830995082855225
0.9478726387023926,1.1102755069732666
0.8808515071868896,1.1625759601593018
0.8657554388046265,1.14760422706604
0.8632983565330505,1.1136986017227173
0.8414532542228699,1.1855615377426147
0.9346786737442017,1.1404529809951782
0.8988227248191833,1.0974935293197632
0.9036558270454407,1.1565316915512085
0.9178411364555359,1.1484410762786865
0.9030656218528748,1.117331624031067
0.9352095127105713,1.133639931678772
0.9212215542793274,1.1368061304092407
0.9032450914382935,1.1296160221099854
0.9096810221672058,1.1591341495513916
0.9230008721351624,1.147000789642334
0.9388582110404968,1.1287829875946045
0.8986208438873291,1.1869826316833496
0.9282557964324951,1.1784650087356567
0.9120295643806458,1.1793758869171143
0.8746533393859863,1.2406461238861084
0.89907306432724,1.199455738067627
0.8689197301864624,1.2523173093795776
0.8675968050956726,1.2783501148223877
0.833064615726471,1.300675868988037
0.8403186202049255,1.3001794815063477
0.8258402347564697,1.3398208618164062
0.8376502990722656,1.3850367069244385
0.8501361012458801,1.2909678220748901
0.7824939489364624,1.3525986671447754
0.8343293070793152,1.3760056495666504
0.8280808329582214,1.4016311168670654
0.7806693315505981,1.3446189165115356
0.8265781998634338,1.3983185291290283
0.8023507595062256,1.4625741243362427
0.7597841620445251,1.4728918075561523
0.7468931674957275,1.426616907119751
0.7246019840240479,1.519942045211792
0.7595576643943787,1.491721272468567
0.7971826791763306,1.5018978118896484
0.7752281427383423,1.521958589553833
0.753207266330719,1.510039210319519
0.7452713251113892,1.4790527820587158
0.7408924102783203,1.4805216789245605
0.7093924283981323,1.5242600440979004
0.767057478427887,1.5389477014541626
0.7876964211463928,1.459352731704712
0.8144466280937195,1.4893414974212646
0.7757660150527954,1.5153977870941162
0.7936885952949524,1.4371337890625
0.7665648460388184,1.4679644107818604
0.7439091205596924,1.4751160144805908
0.7577832937240601,1.4814109802246094
0.7588965892791748,1.4513707160949707
0.7771514058113098,1.4127280712127686
0.788286566734314,1.4338314533233643
0.8050134181976318,1.432965636253357
0.8054683208465576,1.3984341621398926
0.828706681728363,1.373347520828247
0.827806830406189,1.35764479637146
0.7964234352111816,1.3684381246566772
0.7944817543029785,1.3474416732788086
0.7703055143356323,1.332434892654419
0.8307265639305115,1.3285213708877563
0.860407829284668,1.315561294555664
0.8560919165611267,1.308349609375
0.8622714281082153,1.2964556217193604
0.86287522315979,1.2695672512054443
0.8760119676589966,1.280735731124878
0.8571521639823914,1.257443904876709
0.8472698926925659,1.2386536598205566
0.8420409560203552,1.2314661741256714
0.8796415328979492,1.2188835144042969
0.9391975998878479,1.2064898014068604
0.9559637308120728,1.227372169494629
0.9525512456893921,1.189206838607788
0.9337822794914246,1.1723546981811523
0.8950177431106567,1.1720030307769775
0.8421309590339661,1.1949923038482666
0.8974271416664124,1.1620575189590454
0.8790406584739685,1.1808204650878906
0.9620736241340637,1.1859958171844482
0.9633485674858093,1.1632299423217773
0.9162361025810242,1.2230530977249146
0.8786894679069519,1.1209338903427124
0.8846006393432617,1.1587921380996704
0.8907349109649658,1.1549887657165527
0.8937479257583618,1.1955385208129883
0.983095109462738,1.1320618391036987
0.9535573720932007,1.1630899906158447
0.8662843108177185,1.132516622543335
0.910068154335022,1.165839433670044
0.8716862201690674,1.1343351602554321
0.9389687776565552,1.147546410560608
0.8948236703872681,1.1910476684570312
0.9071329832077026,1.1278018951416016
0.8955771923065186,1.1754390001296997
0.9173232913017273,1.1374547481536865
0.8983343243598938,1.191612958908081
0.8993411660194397,1.206827163696289
0.8545273542404175,1.1599795818328857
0.835369884967804,1.1746618747711182
0.843834400177002,1.1806013584136963
0.8565322160720825,1.1994283199310303
0.8834646344184875,1.1721148490905762
0.892991840839386,1.187674880027771
0.9065218567848206,1.1632885932922363
0.8814945816993713,1.1855592727661133
0.8028448820114136,1.193776249885559
0.8141012191772461,1.2044904232025146
0.8273766040802002,1.157080888748169
0.8408900499343872,1.156364917755127
0.8572549819946289,1.1802021265029907
0.86509770154953,1.1709754467010498
0.8545927405357361,1.1393725872039795
0.8766265511512756,1.1164352893829346
0.8742421865463257,1.0971620082855225
0.8997299671173096,1.08028244972229
0.9260768890380859,1.0712578296661377
0.9511085748672485,1.0468413829803467
0.9420665502548218,1.0133533477783203
0.9507520794868469,0.9968171119689941
0.973178505897522,0.9815365076065063
1.0019681453704834,0.9429494142532349
0.9923070669174194,0.975357174873352
1.086828351020813,0.9357714653015137
1.0498708486557007,0.9194731712341309
1.0342645645141602,0.9154868125915527
1.087571144104004,0.8968498110771179
1.114147424697876,0.8643089532852173
1.1382465362548828,0.8577115535736084
1.153367519378662,0.8551714420318604
1.1412417888641357,0.835151731967926
1.1651192903518677,0.8538680076599121
1.1709054708480835,0.8490263819694519
1.1565948724746704,0.8648650646209717
1.1722890138626099,0.8656737804412842
1.110456109046936,0.8617695569992065
1.160015344619751,0.861657977104187
1.1696810722351074,0.9122455716133118
1.2031402587890625,0.9263695478439331
1.18888521194458,0.9204452037811279
1.0749865770339966,0.9467679262161255
1.1014094352722168,0.9622418880462646
1.034549593925476,1.0219862461090088
1.085679054260254,0.9785186648368835
1.0912092924118042,0.9897973537445068
1.0549237728118896,0.9728113412857056
1.0201497077941895,1.0782476663589478
1.0492302179336548,1.0641367435455322
1.040407419204712,1.0855343341827393
1.0422528982162476,1.1239508390426636
1.0255095958709717,1.1532657146453857
0.995143473148346,1.1326353549957275
0.9133331775665283,1.2323949337005615
0.9480756521224976,1.2028415203094482
0.8683567047119141,1.3196232318878174
0.8971591591835022,1.3430500030517578
0.8995681405067444,1.2685643434524536
0.9183080196380615,1.3159418106079102
0.8955789804458618,1.3218683004379272
0.8426593542098999,1.3862544298171997
0.8564339280128479,1.3589576482772827
0.8416228294372559,1.3494824171066284
0.8027198910713196,1.4308550357818604
0.8427208662033081,1.4090559482574463
0.8266874551773071,1.475305199623108
0.8426092863082886,1.3648170232772827
0.8130123019218445,1.4850302934646606
0.7942649126052856,1.4708644151687622
0.8206478357315063,1.4202522039413452
0.8058671355247498,1.468306541442871
0.8096276521682739,1.5193177461624146
0.7517677545547485,1.5117243528366089
0.755879282951355,1.4501553773880005
0.7863548994064331,1.4824360609054565
0.8118851184844971,1.4835851192474365
0.8142873644828796,1.432590365409851
0.8100513815879822,1.4603095054626465
0.8048500418663025,1.5068004131317139
0.8113851547241211,1.4108104705810547
0.7937300205230713,1.4284120798110962
0.7835388779640198,1.4285788536071777
0.8091505765914917,1.4473804235458374
0.786777138710022,1.463754653930664
0.7629541158676147,1.4225003719329834
0.798245370388031,1.4326348304748535
0.8039208650588989,1.4482660293579102
0.8156387805938721,1.4521470069885254
0.8293917775154114,1.4066580533981323
0.8168215751647949,1.426382303237915
0.8297105431556702,1.4101312160491943
0.7571531534194946,1.392867922782898
0.7529093623161316,1.3788217306137085
0.8360792398452759,1.3305535316467285
0.8397594094276428,1.3502689599990845
0.8705503940582275,1.3649991750717163
0.8929710984230042,1.351483941078186
0.8613406419754028,1.3128366470336914
0.8416417241096497,1.3284462690353394
0.7970179915428162,1.3379366397857666
0.8195109367370605,1.237652063369751
0.8434965014457703,1.2683091163635254
0.8421998023986816,1.2818440198898315
0.9561394453048706,1.2677769660949707
0.9112839698791504,1.2521487474441528
0.8853194713592529,1.2558355331420898
0.8717470765113831,1.2423279285430908
0.8291031122207642,1.2099151611328125
0.81748366355896,1.2126471996307373
0.884671688079834,1.211969017982483
0.9370032548904419,1.1643956899642944
0.9427268505096436,1.1510889530181885
0.9280933141708374,1.1602213382720947
0.9240200519561768,1.1633654832839966
0.9323318004608154,1.1167930364608765
0.903631329536438,1.1370067596435547
0.8941580057144165,1.113535761833191
0.9286214113235474,1.0625145435333252
0.8853406310081482,1.1253079175949097
0.943108856678009,1.0959773063659668
0.9909495711326599,1.0917342901229858
0.9544460773468018,1.0753626823425293
0.9733631014823914,1.0293140411376953
0.9343690276145935,1.0269484519958496
0.945590078830719,1.0304622650146484
0.9773662090301514,1.026808261871338
0.9877097606658936,1.0075329542160034
0.9962599873542786,1.0044732093811035
