gen,disc
1.090867280960083,0.9271019697189331
1.113121747970581,0.9136900901794434
1.1443616151809692,0.9369370937347412
1.1232486963272095,0.9390382766723633
1.0892585515975952,0.93480384349823
1.0434626340866089,0.9443332552909851
1.0373315811157227,0.9511622190475464
1.0402109622955322,0.9321912527084351
1.0680932998657227,0.9677626490592957
1.1270902156829834,0.9518694877624512
1.0953998565673828,0.968754231929779
1.044771432876587,0.9684714078903198
1.0598036050796509,0.9498463869094849
1.0195953845977783,0.9739599227905273
0.9812012910842896,1.0069177150726318
1.0174486637115479,1.0350950956344604
1.0635876655578613,0.9956578612327576
1.027048110961914,1.0399904251098633
0.9721949696540833,1.047407627105713
0.9453924298286438,1.0652036666870117
0.9098883271217346,1.094548225402832
0.9339146018028259,1.1259126663208008
0.9397595524787903,1.0677951574325562
0.9716671109199524,1.081712245941162
0.9517760872840881,1.1451363563537598
0.9367815256118774,1.1368745565414429
0.8964734673500061,1.137787103652954
0.8628084659576416,1.1919300556182861
0.8418178558349609,1.2671061754226685
0.8049107789993286,1.2310254573822021
0.8459161520004272,1.2316242456436157
0.8311874866485596,1.264194369316101
0.8452516794204712,1.2803833484649658
0.8356215953826904,1.283886432647705
0.8401708602905273,1.3149025440216064
0.7796154022216797,1.3406378030776978
0.7696530818939209,1.3753108978271484
0.7063594460487366,1.3796466588974
0.6824529767036438,1.3602491617202759
0.7603641152381897,1.3805562257766724
0.7849810719490051,1.3762043714523315
0.8018961548805237,1.3627231121063232
0.7757047414779663,1.382319450378418
0.7336169481277466,1.4140913486480713
0.7260740995407104,1.424473524093628
0.6935038566589355,1.4329195022583008
0.6829222440719604,1.3980985879898071
0.7139269113540649,1.4301624298095703
0.7739204168319702,1.4226980209350586
0.7235627174377441,1.3863732814788818
0.7636967301368713,1.3473422527313232
0.7325322031974792,1.383164405822754
0.7281017899513245,1.3981496095657349
0.7393987774848938,1.3889846801757812
0.7289565801620483,1.3712199926376343
0.7279958724975586,1.3452985286712646
0.7285696268081665,1.3250741958618164
0.7726033926010132,1.3106238842010498
0.798255980014801,1.3855516910552979
0.7915261387825012,1.331747055053711
0.7605801820755005,1.3215924501419067
0.7355324029922485,1.3263030052185059
0.7290184497833252,1.309903860092163
0.7772566676139832,1.2681231498718262
0.8083020448684692,1.281334638595581
0.8531265258789062,1.2650431394577026
0.8431495428085327,1.2434213161468506
0.859825611114502,1.2559633255004883
0.823816180229187,1.222495436668396
0.8192237019538879,1.196610450744629
0.7919008731842041,1.210299015045166
0.8355836868286133,1.1863292455673218
0.8802222609519958,1.173901081085205
0.9502356052398682,1.1407980918884277
0.9249425530433655,1.1494016647338867
0.9003340005874634,1.1199476718902588
0.8821297883987427,1.149619698524475
0.9086405038833618,1.1228864192962646
0.9333577752113342,1.0985212326049805
0.9027252793312073,1.114433765411377
0.9056165814399719,1.1290186643600464
0.9411845803260803,1.0609238147735596
0.9802179336547852,1.1092743873596191
0.9998838305473328,1.0769199132919312
0.9580436944961548,1.0689985752105713
0.924915075302124,1.0850715637207031
0.9149196147918701,1.0753443241119385
0.935630738735199,1.0664019584655762
0.9526224732398987,1.0759222507476807
0.9944996237754822,1.0765316486358643
1.0254108905792236,1.050093173980713
1.0001592636108398,1.0519511699676514
0.9501954317092896,1.0675644874572754
0.9492811560630798,1.0520120859146118
0.9082658290863037,1.0802855491638184
0.9410545825958252,1.0689880847930908
0.9541982412338257,1.0785579681396484
0.9803435206413269,1.0502663850784302
0.9256402254104614,1.0518908500671387
0.9532281756401062,1.0945887565612793
0.9422284364700317,1.1118090152740479
0.9126926064491272,1.1121383905410767
0.916594386100769,1.1154170036315918
0.9531385898590088,1.035271167755127
0.9492425918579102,1.1055134534835815
0.9105809926986694,1.0993402004241943
0.9154038429260254,1.068493127822876
0.9221971035003662,1.090781331062317
0.9480020999908447,1.146181344985962
0.9293128252029419,1.1358592510223389
0.9301103353500366,1.0863535404205322
0.9318745136260986,1.1054387092590332
0.9152159690856934,1.1043846607208252
0.8557097911834717,1.166118860244751
0.900016188621521,1.1672840118408203
0.9174436330795288,1.1739864349365234
0.9000899195671082,1.154587984085083
0.8760807514190674,1.1655385494232178
0.8537033796310425,1.2208430767059326
0.8659098744392395,1.204577922821045
0.8522494435310364,1.183675765991211
0.8434990048408508,1.2410588264465332
0.88675856590271,1.2370476722717285
0.9190124273300171,1.2755999565124512
0.9161403775215149,1.2144291400909424
0.7956116795539856,1.2993462085723877
0.8328109979629517,1.255709171295166
0.7866195440292358,1.3143434524536133
0.8152366876602173,1.314399003982544
0.8639748692512512,1.336275577545166
0.8645046353340149,1.2845205068588257
0.8301175236701965,1.3394395112991333
0.8253032565116882,1.2979274988174438
0.793610692024231,1.3805739879608154
0.7651302218437195,1.3335835933685303
0.813177764415741,1.3507835865020752
0.8278524875640869,1.3169876337051392
0.8204236030578613,1.3439306020736694
0.815248429775238,1.3278791904449463
0.8085967302322388,1.3601222038269043
0.8004391193389893,1.364609718322754
0.7868632674217224,1.3544557094573975
0.8680820465087891,1.2920904159545898
0.8463084697723389,1.3445169925689697
0.8160818219184875,1.3515567779541016
0.8094179630279541,1.2988457679748535
0.8255448937416077,1.303907871246338
0.8844882249832153,1.2766867876052856
0.8597854375839233,1.2581945657730103
0.9115555286407471,1.269407033920288
0.8698095083236694,1.2830218076705933
0.8704932928085327,1.2278101444244385
0.8709496259689331,1.1785087585449219
0.8907554149627686,1.19990873336792
0.9223511219024658,1.1444222927093506
0.9333444833755493,1.1514114141464233
1.0005840063095093,1.1125727891921997
0.9786698818206787,1.0977189540863037
0.9782408475875854,1.1125564575195312
0.9496577382087708,1.1100480556488037
0.9600247740745544,1.041730284690857
1.0045673847198486,1.0543292760849
1.0544987916946411,1.0270107984542847
1.1135731935501099,1.017510175704956
1.083583116531372,0.9898903369903564
1.1056969165802002,1.022868275642395
0.9996547102928162,1.0103976726531982
0.9997039437294006,0.9469418525695801
1.0432204008102417,0.9856947660446167
1.0958799123764038,0.9164944887161255
1.1349977254867554,0.9418920278549194
1.1734633445739746,0.9414376616477966
1.1515719890594482,0.9188354015350342
1.1276696920394897,0.9577666521072388
1.0840078592300415,0.9408308267593384
1.011985182762146,0.9286512136459351
1.0805050134658813,0.9361230134963989
1.1203207969665527,0.9238541126251221
1.106589436531067,0.9707971811294556
1.1287798881530762,0.9524595141410828
1.102811336517334,0.969629168510437
1.0159986019134521,0.9527895450592041
1.0390697717666626,0.9512109756469727
1.0680439472198486,0.9679663181304932
1.0803576707839966,0.9724286794662476
1.0480982065200806,0.9859068393707275
1.0104589462280273,1.0579969882965088
0.9805788397789001,1.044556975364685
0.9572197198867798,1.027036428451538
0.9478808045387268,1.0278127193450928
0.9570779204368591,1.0715292692184448
0.9865930676460266,1.0962978601455688
0.9585037231445312,1.0949808359146118
0.9929762482643127,1.0739049911499023
0.9379153251647949,1.12895667552948
0.9193308353424072,1.1347877979278564
0.9057397842407227,1.1251935958862305
0.9285306334495544,1.1315230131149292
0.9020189046859741,1.0818629264831543
0.9114252328872681,1.1469199657440186
0.9235581159591675,1.1387009620666504
0.9632590413093567,1.149764060974121
0.9787155389785767,1.125096082687378
0.9823365211486816,1.0982296466827393
0.951632559299469,1.1342601776123047
0.9143829345703125,1.1006096601486206
0.9373336434364319,1.1543328762054443
0.9280973076820374,1.1013610363006592
0.9532954692840576,1.1367188692092896
0.9782058596611023,1.1560848951339722
1.0053638219833374,1.125126838684082
1.0133050680160522,1.1232836246490479
0.9469060897827148,1.1512839794158936
0.9620510935783386,1.1197514533996582
0.9277283549308777,1.1265404224395752
0.9645317792892456,1.1569669246673584
0.9375011324882507,1.187179446220398
0.9660382270812988,1.1898720264434814
0.946505069732666,1.1909832954406738
0.9779727458953857,1.188443899154663
1.0218045711517334,1.1700036525726318
0.9651504158973694,1.3044862747192383
0.9187595844268799,1.2715051174163818
0.8843631148338318,1.2278727293014526
0.8831090331077576,1.3273628950119019
0.8982406854629517,1.2940046787261963
0.8962699770927429,1.2826085090637207
0.9387822151184082,1.304830551147461
0.9281705617904663,1.2748186588287354
0.9240676760673523,1.312391757965088
0.9168124198913574,1.3074390888214111
0.8607860207557678,1.3519151210784912
0.8644433617591858,1.3565837144851685
0.836328387260437,1.327023983001709
0.8967238068580627,1.3759708404541016
