gen,disc
1.0749965906143188,1.1554303169250488
1.079900860786438,1.1833324432373047
0.9463059902191162,1.164139986038208
0.9018557667732239,1.146587610244751
0.895880937576294,1.1781895160675049
1.0224754810333252,1.097884178161621
1.1709245443344116,1.1263337135314941
1.1397597789764404,1.1171700954437256
1.0948493480682373,1.1212310791015625
1.0068169832229614,1.1426681280136108
0.9132283926010132,1.121782660484314
0.9673969745635986,1.1150110960006714
0.979254424571991,1.1083273887634277
1.1361819505691528,1.1127188205718994
1.139526605606079,1.161880373954773
1.115653395652771,1.085231900215149
1.0535370111465454,1.1376008987426758
0.9539067149162292,1.14107346534729
0.955291748046875,1.1546111106872559
0.9789637327194214,1.1836583614349365
1.0566827058792114,1.1325345039367676
1.0920121669769287,1.1454524993896484
1.0443202257156372,1.1598479747772217
0.9712144732475281,1.1736171245574951
0.9882640838623047,1.1488622426986694
0.9960241317749023,1.1517128944396973
0.9481157064437866,1.2258497476577759
1.0482639074325562,1.1606321334838867
1.0195417404174805,1.2291804552078247
1.0265089273452759,1.1535385847091675
0.9780646562576294,1.2148901224136353
0.9630426168441772,1.1710546016693115
0.9214326739311218,1.2136294841766357
0.9551973342895508,1.1869001388549805
0.9138393402099609,1.214742660522461
0.943371057510376,1.2801690101623535
0.9739603400230408,1.302122712135315
0.9101420044898987,1.2354016304016113
0.9191181063652039,1.2430810928344727
0.883172869682312,1.2249438762664795
0.8750896453857422,1.2329795360565186
0.8608378171920776,1.2467398643493652
0.948760986328125,1.2939112186431885
0.980437695980072,1.2596914768218994
0.9429299235343933,1.2564550638198853
0.8775736093521118,1.2146438360214233
0.7857980728149414,1.301297664642334
0.8442326784133911,1.272615909576416
0.9277977347373962,1.229402780532837
1.0165746212005615,1.2853870391845703
0.9729813933372498,1.2686240673065186
0.8969866037368774,1.23622727394104
0.7973209619522095,1.2877414226531982
0.8162216544151306,1.288042664527893
0.9253574013710022,1.2356380224227905
0.9036002159118652,1.2818565368652344
0.9899575710296631,1.2074787616729736
0.9968416094779968,1.212410569190979
0.9334273338317871,1.1823976039886475
0.8685550093650818,1.2259232997894287
0.9032538533210754,1.2312607765197754
0.9739341139793396,1.1597657203674316
0.9572926759719849,1.2672274112701416
0.9115056991577148,1.2358545064926147
0.9159491062164307,1.2795841693878174
0.9332542419433594,1.2494957447052002
0.9267514944076538,1.2193787097930908
0.9693939685821533,1.2317689657211304
0.9723455905914307,1.2697337865829468
0.9555681943893433,1.2310354709625244
0.9633452296257019,1.2249786853790283
0.9506503343582153,1.1757521629333496
0.9426226019859314,1.210954189300537
0.9560117125511169,1.188596248626709
1.0526955127716064,1.2599760293960571
1.0661969184875488,1.2637054920196533
1.0139130353927612,1.2329902648925781
0.8688138127326965,1.1973018646240234
0.9105589389801025,1.2215265035629272
1.0274006128311157,1.2121427059173584
1.0101046562194824,1.281064748764038
0.9782692790031433,1.234548807144165
0.9559446573257446,1.2048823833465576
0.9622718095779419,1.2225382328033447
0.9003500938415527,1.250736951828003
1.004542589187622,1.1498663425445557
0.9562163352966309,1.2625768184661865
0.9924447536468506,1.2392470836639404
1.0020772218704224,1.206087589263916
1.0461516380310059,1.2448701858520508
0.9810471534729004,1.249812364578247
0.9490127563476562,1.237656831741333
0.9790704250335693,1.2227942943572998
0.9714922308921814,1.2115951776504517
1.0242149829864502,1.1999683380126953
1.046731948852539,1.138694167137146
1.0048248767852783,1.2291216850280762
1.026736855506897,1.2066221237182617
1.068662405014038,1.2209818363189697
1.024105191230774,1.1842836141586304
0.9806159138679504,1.1231193542480469
0.9627614617347717,1.1667755842208862
1.0075292587280273,1.1875629425048828
1.0353460311889648,1.1833760738372803
1.1442158222198486,1.1486878395080566
1.0792008638381958,1.1733689308166504
1.0234220027923584,1.1647000312805176
0.9000506401062012,1.1509037017822266
0.9787477254867554,1.1993640661239624
1.0328443050384521,1.185797929763794
1.0305781364440918,1.1739552021026611
1.080756664276123,1.1295291185379028
1.0655041933059692,1.1521012783050537
1.0790587663650513,1.0797086954116821
0.9197494387626648,1.2629222869873047
0.9532169103622437,1.1420671939849854
0.9870728254318237,1.2173779010772705
1.0558161735534668,1.1702375411987305
1.141958475112915,1.2016212940216064
0.9370139241218567,1.1989812850952148
0.9147615432739258,1.182127833366394
0.9133269786834717,1.2519872188568115
1.0352554321289062,1.2324488162994385
1.0342950820922852,1.2869524955749512
0.9950312376022339,1.1985876560211182
0.9104219079017639,1.2550946474075317
0.9045244455337524,1.278478980064392
0.8007692694664001,1.2783701419830322
0.9335711002349854,1.280627727508545
1.015661597251892,1.221125602722168
1.05266535282135,1.3073413372039795
0.9430177807807922,1.2426249980926514
0.8343344330787659,1.3148250579833984
0.7867449522018433,1.2934213876724243
0.8263901472091675,1.3093383312225342
0.8996633887290955,1.368882179260254
1.045315146446228,1.329359531402588
0.9345167875289917,1.3344868421554565
0.87302166223526,1.299403429031372
0.7596336007118225,1.3578100204467773
0.8180647492408752,1.4120471477508545
0.854744553565979,1.3278977870941162
0.9194689989089966,1.291132926940918
0.852983295917511,1.369400978088379
0.9394210577011108,1.2744410037994385
0.8303235769271851,1.3759474754333496
0.817585289478302,1.2743992805480957
0.7985478639602661,1.3697218894958496
0.8064443469047546,1.3630955219268799
0.8391318321228027,1.3883676528930664
0.8674890398979187,1.3333103656768799
0.8434327840805054,1.3814091682434082
0.8659118413925171,1.2909536361694336
0.872726321220398,1.2728450298309326
0.8465502262115479,1.2408021688461304
0.8586546778678894,1.2887324094772339
0.9134970903396606,1.2784628868103027
0.9011813998222351,1.259857177734375
0.969264566898346,1.2499887943267822
1.0075732469558716,1.1849623918533325
0.9273820519447327,1.2161142826080322
0.9093762040138245,1.1747329235076904
0.8922134637832642,1.1893094778060913
1.0131603479385376,1.163177490234375
1.0700572729110718,1.1427171230316162
1.1268563270568848,1.112882375717163
1.0523101091384888,1.1562831401824951
0.9205471277236938,1.1535634994506836
0.9750370383262634,1.113461971282959
0.9949311017990112,1.0645108222961426
1.0642127990722656,1.1286695003509521
1.1224937438964844,1.1113901138305664
1.0658842325210571,1.1692774295806885
1.0597783327102661,1.059995412826538
1.0257291793823242,1.087195873260498
1.0416078567504883,1.1116645336151123
0.9781562089920044,1.1558066606521606
1.0474860668182373,1.1250903606414795
1.12515127658844,1.0686004161834717
1.166429042816162,1.1051499843597412
1.1416571140289307,1.0724014043807983
1.0866801738739014,1.1176601648330688
1.0172828435897827,1.1094779968261719
0.9957494735717773,1.169861078262329
0.9490994811058044,1.101201057434082
1.035308837890625,1.169508695602417
1.1516822576522827,1.141487956047058
1.1918692588806152,1.1031250953674316
1.0886995792388916,1.1196131706237793
1.0580029487609863,1.1182212829589844
0.9697839617729187,1.0867329835891724
1.0121735334396362,1.0813567638397217
1.0845425128936768,1.0591033697128296
1.11295485496521,1.0647838115692139
1.1956866979599,1.0652599334716797
1.1288044452667236,1.0604993104934692
1.1582324504852295,1.000060796737671
1.0334482192993164,1.0622520446777344
1.0669139623641968,0.9984645843505859
1.061432957649231,1.074043869972229
1.2031135559082031,1.0634546279907227
1.1871672868728638,1.044969916343689
1.2507346868515015,1.0829432010650635
1.1015006303787231,1.0414291620254517
0.9976437091827393,1.0545625686645508
1.022973656654358,1.0168709754943848
1.100940465927124,1.0598750114440918
1.151767373085022,1.0717356204986572
1.172698736190796,1.1251041889190674
1.0157064199447632,1.1853728294372559
1.0418245792388916,1.1049435138702393
0.9691952466964722,1.159759759902954
1.0934466123580933,1.119438648223877
1.0425529479980469,1.1297757625579834
1.0195680856704712,1.131805181503296
1.0622354745864868,1.1273839473724365
0.9931496381759644,1.226461410522461
0.9846893548965454,1.1905033588409424
1.0102827548980713,1.2310881614685059
0.9336245059967041,1.2561396360397339
0.9201714396476746,1.2832210063934326
0.9142048358917236,1.3196754455566406
0.8947601318359375,1.3055880069732666
0.8699927926063538,1.3326902389526367
0.9927933812141418,1.353219747543335
0.9701712727546692,1.334488868713379
0.8992882370948792,1.286130428314209
0.9421244263648987,1.2919344902038574
0.7563403844833374,1.4349125623703003
0.8177288770675659,1.3860623836517334
0.9323937296867371,1.3700013160705566
0.894501268863678,1.3736954927444458
0.8740845918655396,1.3781108856201172
0.8884445428848267,1.433592677116394
0.8152869343757629,1.4512739181518555
