gen,disc
1.232593297958374,1.132423996925354
1.196200966835022,1.1241888999938965
1.0777759552001953,1.0806553363800049
1.0746427774429321,1.1487895250320435
1.1003094911575317,1.1087617874145508
1.2366490364074707,1.097510576248169
1.3830856084823608,1.0319935083389282
1.2629767656326294,1.0909148454666138
1.0107524394989014,1.0948007106781006
1.092404842376709,1.0954455137252808
1.1960129737854004,1.0606123208999634
1.2936103343963623,1.1275715827941895
1.27797532081604,1.072303295135498
1.1878197193145752,1.052194595336914
1.116492509841919,1.0657755136489868
1.109349012374878,1.0051857233047485
1.1254183053970337,1.0759316682815552
1.2897510528564453,1.0221693515777588
1.2634128332138062,1.0699207782745361
1.1823574304580688,1.0770928859710693
1.1972415447235107,1.0454232692718506
1.0694440603256226,1.1149110794067383
1.079153299331665,1.060405969619751
1.209320068359375,1.0622384548187256
1.2522637844085693,1.0844405889511108
1.155591368675232,1.0213091373443604
1.074949860572815,1.0603022575378418
1.0521329641342163,1.0604751110076904
1.1806528568267822,1.0514495372772217
1.2476210594177246,1.0851256847381592
1.2027853727340698,1.107048511505127
1.1170387268066406,1.0556838512420654
1.052276372909546,1.0036877393722534
1.1195437908172607,1.0293740034103394
1.1792550086975098,1.0803018808364868
1.1973018646240234,1.0770771503448486
1.1568117141723633,1.0679106712341309
1.1342766284942627,1.0595927238464355
1.0992062091827393,1.0579652786254883
1.0989885330200195,1.0391314029693604
1.14506196975708,1.0854076147079468
1.2127833366394043,1.019457459449768
1.2336337566375732,1.05051851272583
1.1944496631622314,1.0173006057739258
1.1694056987762451,1.0279314517974854
1.0970960855484009,1.0325976610183716
1.2073140144348145,1.0071446895599365
1.1986939907073975,1.013314962387085
1.1922427415847778,1.074683427810669
1.0838593244552612,1.080681324005127
1.0779333114624023,1.0018260478973389
1.1885343790054321,1.0177799463272095
1.2415629625320435,1.0712651014328003
1.2616236209869385,1.025497555732727
1.1491377353668213,0.9922468662261963
1.0912604331970215,1.0607609748840332
1.1870017051696777,1.0028276443481445
1.121660590171814,0.9875192642211914
1.243929386138916,1.0203418731689453
1.268420934677124,1.0447436571121216
1.2306166887283325,0.920325517654419
1.213024616241455,0.9686840772628784
1.1300729513168335,1.0225834846496582
1.1041638851165771,1.0577718019485474
1.2041631937026978,0.9837427139282227
1.2501845359802246,0.9927584528923035
1.2922321557998657,1.0498757362365723
1.0766438245773315,1.0329500436782837
1.101669192314148,0.9821930527687073
1.200718641281128,0.9988254308700562
1.2841050624847412,0.9872779846191406
1.2553554773330688,1.0162193775177002
1.2086195945739746,0.9968721866607666
1.1815605163574219,0.9522959589958191
1.1584523916244507,0.9919691681861877
1.1966478824615479,0.9813252687454224
1.279984712600708,0.9985305666923523
1.2572691440582275,0.9846595525741577
1.2578233480453491,0.9157668352127075
1.2378586530685425,0.970220685005188
1.1862397193908691,0.9560955762863159
1.2545603513717651,0.9467335939407349
1.3639494180679321,0.9827041625976562
1.235247015953064,0.9359281659126282
1.1573785543441772,0.9596132040023804
1.1258264780044556,0.993755042552948
1.2814404964447021,0.921366810798645
1.3174760341644287,0.9604232311248779
1.3847382068634033,0.9381266236305237
1.1639704704284668,1.0238884687423706
1.168743371963501,0.9765619039535522
1.123862385749817,0.9979623556137085
1.217822790145874,0.9521188735961914
1.217513918876648,1.0008926391601562
1.232469916343689,1.0142552852630615
1.3059841394424438,0.9782534837722778
1.1364192962646484,0.9681887030601501
1.0448399782180786,1.039874792098999
1.1161754131317139,1.0480619668960571
1.1841368675231934,1.0935615301132202
1.3224507570266724,0.9968823194503784
1.324706792831421,1.0011799335479736
1.0975236892700195,1.0925428867340088
1.0181972980499268,1.1038552522659302
0.9964087605476379,1.077211618423462
1.1041502952575684,1.172827959060669
1.207767367362976,1.1054704189300537
1.1424341201782227,1.194121241569519
0.9435480833053589,1.2537391185760498
0.9472735524177551,1.1617207527160645
1.0043867826461792,1.158235788345337
1.1074559688568115,1.2233000993728638
1.213930368423462,1.152966856956482
1.1109741926193237,1.2296855449676514
1.0081537961959839,1.239654779434204
0.8893858790397644,1.2922691106796265
0.8871515989303589,1.269275188446045
1.0226118564605713,1.204568862915039
1.1047651767730713,1.252424955368042
1.1150166988372803,1.2779784202575684
0.965559184551239,1.3378292322158813
0.8895428776741028,1.2494502067565918
0.8436859250068665,1.3828067779541016
0.9618526697158813,1.2639317512512207
1.004902720451355,1.313041090965271
1.0384554862976074,1.3089392185211182
0.9890848994255066,1.2667653560638428
0.9060722589492798,1.305580735206604
0.9612696766853333,1.2629640102386475
0.9742785096168518,1.2495758533477783
1.0143561363220215,1.2308655977249146
1.147231936454773,1.1967740058898926
0.9942635297775269,1.2661607265472412
0.980231523513794,1.2448902130126953
0.9922059774398804,1.1953954696655273
1.0268348455429077,1.2323205471038818
1.0785107612609863,1.2506077289581299
1.059598684310913,1.2118624448776245
1.1103745698928833,1.14767587184906
1.048227071762085,1.2349143028259277
0.9583181142807007,1.1890807151794434
1.0453341007232666,1.1330435276031494
1.0470541715621948,1.207986831665039
1.0969736576080322,1.1977512836456299
1.2028818130493164,1.1282682418823242
1.219651699066162,1.101243019104004
1.0796760320663452,1.167582392692566
0.9923328161239624,1.1500990390777588
1.112643837928772,1.031011939048767
1.1840875148773193,1.0638964176177979
1.2946369647979736,1.1712712049484253
1.1971286535263062,1.051631212234497
1.0613051652908325,1.175041913986206
1.146223545074463,1.0486282110214233
1.0677210092544556,1.1215100288391113
1.1299399137496948,1.0949664115905762
1.2305628061294556,1.0040996074676514
1.2843537330627441,0.983141303062439
1.350020408630371,1.088046908378601
1.2269328832626343,1.0216104984283447
1.067109227180481,1.042654275894165
1.1748030185699463,0.9928646087646484
1.2697962522506714,1.0005779266357422
1.2840511798858643,0.9724451303482056
1.2317228317260742,1.0336730480194092
1.2264912128448486,1.0222344398498535
1.2763426303863525,0.967010498046875
1.3104547262191772,1.0029712915420532
1.2125073671340942,0.9478374719619751
1.2380867004394531,0.9297570586204529
1.312028169631958,0.9734679460525513
1.3974552154541016,0.9058308601379395
1.4313294887542725,0.9611282348632812
1.3109517097473145,0.9276503324508667
1.2692837715148926,0.9536508917808533
1.1669232845306396,0.9437888264656067
1.3110237121582031,0.9619752764701843
1.4017870426177979,0.9199278354644775
1.4577072858810425,0.8490266799926758
1.5112738609313965,0.8298441171646118
1.3239314556121826,0.8768934607505798
1.2883543968200684,0.8962428569793701
1.2251920700073242,0.920632541179657
1.3460062742233276,0.8685174584388733
1.5597896575927734,0.8639882802963257
1.52510404586792,0.8420732021331787
1.3709113597869873,0.889180064201355
1.2789357900619507,0.9301241040229797
1.2044551372528076,0.8532031774520874
1.305227279663086,0.9205240607261658
1.5904061794281006,0.8313477039337158
1.7021828889846802,0.8816802501678467
1.4048501253128052,0.8975518941879272
1.3564717769622803,0.8422539234161377
1.2666516304016113,0.9152072668075562
1.2163530588150024,0.9117836952209473
1.3513226509094238,0.9164906740188599
1.4779610633850098,0.9480063915252686
1.5202194452285767,0.9066078662872314
1.5158228874206543,0.8576991558074951
1.1985028982162476,0.8926613330841064
1.102807879447937,0.937717080116272
1.2971911430358887,0.8637903928756714
1.4756169319152832,0.9102004170417786
1.4679465293884277,0.9928417205810547
1.3762155771255493,0.9385263919830322
1.1158617734909058,0.9302245378494263
1.034505009651184,0.9823793172836304
1.2558326721191406,0.9397987127304077
1.3889702558517456,1.0044094324111938
1.415900468826294,0.9873381853103638
1.3873181343078613,0.9808429479598999
1.236790418624878,0.9635712504386902
1.0372004508972168,1.0493985414505005
1.1878340244293213,0.9331759214401245
1.2624735832214355,0.9744028449058533
1.4104182720184326,1.0239659547805786
1.3646122217178345,1.0572383403778076
1.2498602867126465,1.007318139076233
1.041745662689209,1.108205795288086
1.1460380554199219,0.9985809922218323
1.2374885082244873,1.0897208452224731
1.231979489326477,1.1182949542999268
1.2302271127700806,1.0292630195617676
1.2262308597564697,1.102056622505188
1.1163225173950195,1.1730842590332031
1.0778595209121704,1.1062123775482178
1.1737521886825562,1.0972663164138794
1.2404744625091553,1.1187931299209595
1.272983193397522,1.2259564399719238
1.2552111148834229,1.140565037727356
1.062352180480957,1.2253780364990234
0.9685641527175903,1.139806866645813
1.0796592235565186,1.2095472812652588
1.2558634281158447,1.2723077535629272
