gen,disc
0.8696081042289734,1.2498855590820312
0.8253192901611328,1.2240312099456787
0.8912707567214966,1.186587929725647
0.9176204204559326,1.2461845874786377
0.9248789548873901,1.2377853393554688
0.9573686122894287,1.2207186222076416
0.9311044216156006,1.2247087955474854
0.9156953692436218,1.2152204513549805
0.8945363163948059,1.187196969985962
0.8951342701911926,1.2118067741394043
0.9052007794380188,1.2022041082382202
0.9722611904144287,1.2173222303390503
0.9508739709854126,1.2533422708511353
0.944735586643219,1.2414244413375854
0.9346359372138977,1.2042834758758545
0.9041354060173035,1.2444915771484375
0.9151545763015747,1.2400497198104858
0.879551112651825,1.2232434749603271
0.9430741667747498,1.2270746231079102
1.0626673698425293,1.2108230590820312
0.9792750477790833,1.1839635372161865
1.0152099132537842,1.1428675651550293
0.9027344584465027,1.2326786518096924
0.8669007420539856,1.2240358591079712
0.9025717377662659,1.254436731338501
0.9741014242172241,1.2500097751617432
0.9877622723579407,1.2245182991027832
0.9801966547966003,1.2149434089660645
0.9530975818634033,1.2689379453659058
0.9259680509567261,1.2456305027008057
0.8951177000999451,1.3004968166351318
0.9310532808303833,1.2715675830841064
0.9836966395378113,1.2535654306411743
0.9595276117324829,1.2147789001464844
0.9218904972076416,1.2621548175811768
0.9359756112098694,1.2714524269104004
0.988555908203125,1.265607237815857
0.9573065042495728,1.2646912336349487
0.9030687212944031,1.2680660486221313
0.851606011390686,1.2696092128753662
0.9250242710113525,1.3638160228729248
0.997535765171051,1.2719039916992188
1.0414280891418457,1.2056710720062256
1.0056558847427368,1.2320075035095215
0.8360662460327148,1.2812316417694092
0.919158935546875,1.2313244342803955
0.9647318124771118,1.2745170593261719
1.0015199184417725,1.1826658248901367
1.0348416566848755,1.2181832790374756
0.9434190988540649,1.2072813510894775
0.9387965202331543,1.2216758728027344
0.8742594718933105,1.2530077695846558
0.915428876876831,1.2391057014465332
1.05888831615448,1.206141471862793
1.059185266494751,1.1991705894470215
0.9704926013946533,1.2227232456207275
0.9298481345176697,1.2294577360153198
0.913451611995697,1.1942768096923828
0.9054899215698242,1.2105718851089478
0.9549245238304138,1.1955937147140503
1.051236629486084,1.1563184261322021
1.0948435068130493,1.186647653579712
0.9880013465881348,1.189064621925354
0.9276771545410156,1.2189087867736816
0.8804545998573303,1.136288046836853
0.9803016781806946,1.1252164840698242
1.033511996269226,1.1690902709960938
1.0848296880722046,1.1991503238677979
1.0561448335647583,1.1941347122192383
0.8892163634300232,1.2004327774047852
0.8583189249038696,1.147045612335205
0.9120539426803589,1.2180986404418945
0.9922921061515808,1.1812405586242676
1.0579280853271484,1.2088069915771484
1.059475064277649,1.1909713745117188
0.9558478593826294,1.2069602012634277
0.8238738179206848,1.2406631708145142
0.8696846961975098,1.1410020589828491
0.9091894626617432,1.2318549156188965
1.0490305423736572,1.1885411739349365
1.0096265077590942,1.2554590702056885
0.9083967208862305,1.2299628257751465
0.8822855353355408,1.2151000499725342
0.8010157346725464,1.292070746421814
0.8136680722236633,1.25267493724823
0.9320917129516602,1.2675896883010864
1.0415674448013306,1.200993537902832
0.9804447889328003,1.2850384712219238
0.8527778387069702,1.2955670356750488
0.759697675704956,1.303584337234497
0.775028645992279,1.247955322265625
0.8384352326393127,1.2561707496643066
0.9755365252494812,1.268513560295105
1.036874532699585,1.2482190132141113
0.940758228302002,1.2763906717300415
0.7965633869171143,1.2796216011047363
0.7404962778091431,1.2587826251983643
0.8117195963859558,1.2572293281555176
0.9139503240585327,1.2050752639770508
1.0519689321517944,1.2674450874328613
0.9786568880081177,1.20051908493042
0.9222460985183716,1.204393982887268
0.8500912189483643,1.1892715692520142
0.8905004262924194,1.1339032649993896
0.8808889389038086,1.190891981124878
0.9329838752746582,1.212155818939209
1.0028640031814575,1.1726210117340088
0.929067075252533,1.20755934715271
1.0143219232559204,1.127197027206421
0.9054080247879028,1.1775310039520264
0.9120433926582336,1.1237845420837402
0.9058746099472046,1.2276570796966553
0.9959992170333862,1.1453511714935303
1.0459409952163696,1.135110855102539
1.099134087562561,1.147564172744751
0.9750282764434814,1.123297929763794
0.9626163244247437,1.0739983320236206
0.9508841037750244,1.2266374826431274
1.062426209449768,1.1547811031341553
1.0131629705429077,1.204818844795227
1.0092718601226807,1.1818478107452393
0.9776964783668518,1.1725592613220215
1.0162078142166138,1.1573513746261597
1.0147029161453247,1.2242387533187866
1.0214296579360962,1.190812110900879
1.02634859085083,1.1653053760528564
0.9949951767921448,1.2657121419906616
0.9739874005317688,1.275993824005127
0.9613184928894043,1.243189811706543
1.0166282653808594,1.2290326356887817
1.0146713256835938,1.2132468223571777
0.9476220011711121,1.2817485332489014
1.0319428443908691,1.2634114027023315
0.9308344125747681,1.276024341583252
0.9180599451065063,1.289458990097046
1.0195742845535278,1.277739405632019
1.0649659633636475,1.2637296915054321
1.0051695108413696,1.3141857385635376
0.8882361650466919,1.3038030862808228
0.8060034513473511,1.3654749393463135
0.9494820833206177,1.338571310043335
1.0501530170440674,1.261523723602295
1.0531150102615356,1.3786487579345703
0.9671770930290222,1.34096097946167
0.8349680304527283,1.3487203121185303
0.8902566432952881,1.2887451648712158
0.9799389839172363,1.2849688529968262
1.077223539352417,1.297513723373413
1.0384784936904907,1.30228853225708
0.9192402362823486,1.3411707878112793
0.8319922685623169,1.2899668216705322
0.887029767036438,1.2597496509552002
0.988384485244751,1.313762903213501
1.1058499813079834,1.2041187286376953
0.9991734623908997,1.3184109926223755
0.9189208745956421,1.2939033508300781
0.870330274105072,1.2247580289840698
0.891693115234375,1.2752487659454346
1.051712155342102,1.1970419883728027
1.0819721221923828,1.2033936977386475
0.9178427457809448,1.2380746603012085
0.9510460495948792,1.1747846603393555
0.9460459351539612,1.1437387466430664
1.0345431566238403,1.2215993404388428
1.0141935348510742,1.1861069202423096
0.997540295124054,1.197225570678711
0.9560028910636902,1.2124171257019043
0.8910232782363892,1.208585500717163
0.8635758757591248,1.2520626783370972
0.9804786443710327,1.2141342163085938
1.046043038368225,1.1912645101547241
1.0403025150299072,1.2394251823425293
0.91398686170578,1.2356312274932861
0.8073230981826782,1.2376545667648315
0.8037093281745911,1.2699968814849854
0.9131976962089539,1.2412855625152588
1.0042192935943604,1.2082841396331787
1.0510730743408203,1.2610275745391846
0.9378865957260132,1.1787514686584473
0.8317000269889832,1.2224546670913696
0.8595374822616577,1.2274211645126343
0.8477664589881897,1.2706191539764404
0.9585680365562439,1.2007169723510742
0.9820358157157898,1.2504271268844604
0.9291736483573914,1.201685905456543
0.9391505718231201,1.2174623012542725
0.8851574659347534,1.2101850509643555
0.88169264793396,1.215095043182373
0.8642506003379822,1.240447759628296
0.8840797543525696,1.279718279838562
0.9272056221961975,1.2326596975326538
0.957968533039093,1.1927920579910278
0.8827624320983887,1.2450082302093506
0.8664008975028992,1.1799967288970947
0.8697572350502014,1.2430546283721924
0.8594430685043335,1.2374093532562256
0.8980656862258911,1.2141493558883667
0.9838790893554688,1.1873643398284912
0.9484007358551025,1.2243047952651978
0.8867754936218262,1.2314164638519287
0.8712305426597595,1.2244784832000732
0.8647959232330322,1.2378129959106445
0.8726785182952881,1.2224496603012085
0.9569982290267944,1.1679744720458984
0.9501128792762756,1.1571969985961914
1.0119504928588867,1.154058575630188
0.9086759090423584,1.1797945499420166
0.9202688336372375,1.1720548868179321
0.943733811378479,1.161888599395752
0.9771223664283752,1.1783618927001953
0.9392713308334351,1.194617748260498
0.9607174396514893,1.135525107383728
0.9399917125701904,1.1733160018920898
1.0233335494995117,1.1246497631072998
0.9052371978759766,1.204820156097412
0.9785639047622681,1.1700202226638794
0.9920172691345215,1.1118013858795166
0.9599555730819702,1.2006644010543823
0.9740971922874451,1.154978632926941
0.8724074363708496,1.2249655723571777
0.9540868997573853,1.1518206596374512
0.981096625328064,1.1726925373077393
1.0174123048782349,1.1619067192077637
0.9642485976219177,1.2001811265945435
0.9668663740158081,1.1757519245147705
0.9829659461975098,1.1435790061950684
0.9777358770370483,1.223574161529541
0.9429346919059753,1.28242826461792
1.0368824005126953,1.1554269790649414
0.927152156829834,1.1944241523742676
0.9343574047088623,1.2253353595733643
0.9335377216339111,1.2149598598480225
0.9814664125442505,1.2754769325256348
1.0196623802185059,1.2538435459136963
0.9940494894981384,1.2138028144836426
