gen,disc
0.6966437101364136,1.4597578048706055
0.6919429898262024,1.4702363014221191
0.7098782062530518,1.4209940433502197
0.7155675292015076,1.375913381576538
0.7340583205223083,1.3745276927947998
0.7421320080757141,1.3671284914016724
0.7509538531303406,1.3280613422393799
0.7695542573928833,1.3274717330932617
0.771695613861084,1.3054448366165161
0.7701364755630493,1.2709146738052368
0.7763428092002869,1.2745565176010132
0.7700212001800537,1.2968848943710327
0.7737964987754822,1.246049165725708
0.7868857383728027,1.2598825693130493
0.7989587187767029,1.2611775398254395
0.8015744090080261,1.286513328552246
0.8053585886955261,1.23561692237854
0.7883522510528564,1.2832733392715454
0.7952983379364014,1.2589161396026611
0.7965747714042664,1.2763123512268066
0.8040695786476135,1.2793254852294922
0.7858856916427612,1.278125524520874
0.7862735986709595,1.2815568447113037
0.7941968441009521,1.2756900787353516
0.7688083648681641,1.2952831983566284
0.7626789212226868,1.3428494930267334
0.7643573880195618,1.3466737270355225
0.73945152759552,1.3587841987609863
0.7292435169219971,1.3839681148529053
0.7246711254119873,1.3985955715179443
0.7048176527023315,1.4082252979278564
0.705147922039032,1.406381368637085
0.6831468939781189,1.4766616821289062
0.6978642344474792,1.5171918869018555
0.6699804067611694,1.470274567604065
0.6501567959785461,1.5249240398406982
0.6278606653213501,1.5443201065063477
0.6399778127670288,1.5393905639648438
0.6350492835044861,1.5295791625976562
0.6290726661682129,1.5238697528839111
0.6257871389389038,1.6014833450317383
0.6184101700782776,1.5803282260894775
0.6143302917480469,1.5809566974639893
0.5991386771202087,1.5503928661346436
0.5889626145362854,1.5790338516235352
0.5789280533790588,1.5397865772247314
0.5645129680633545,1.5763061046600342
0.5688908100128174,1.5460121631622314
0.5613357424736023,1.5374715328216553
0.5699591636657715,1.5502502918243408
0.5465897917747498,1.5429927110671997
0.5501672625541687,1.5474143028259277
0.5597045421600342,1.5834124088287354
0.5762133598327637,1.483827829360962
0.5812681317329407,1.462540626525879
0.5954872369766235,1.4405786991119385
0.616756021976471,1.4133217334747314
0.6273574233055115,1.4210336208343506
0.6463382840156555,1.358752965927124
0.6677845120429993,1.323511004447937
0.6812267899513245,1.2890310287475586
0.7112427949905396,1.2639844417572021
0.7309542894363403,1.2098569869995117
0.7514204382896423,1.181342363357544
0.7666627168655396,1.1655398607254028
0.7858527898788452,1.1150445938110352
0.7912309169769287,1.0872066020965576
0.8203299045562744,1.078773856163025
0.8303899765014648,1.054009199142456
0.8680524826049805,1.0213648080825806
0.8779834508895874,0.980591356754303
0.9035271406173706,0.9437661170959473
0.9198828339576721,0.9385592341423035
0.9551526308059692,0.8886500597000122
0.983442485332489,0.9067025184631348
1.0037908554077148,0.8805097341537476
1.0355186462402344,0.8524837493896484
1.0598485469818115,0.8350772261619568
1.0692815780639648,0.8165662288665771
1.0740978717803955,0.8045636415481567
1.1153802871704102,0.8303447365760803
1.1059123277664185,0.8060336709022522
1.1094282865524292,0.7907227277755737
1.122444987297058,0.7973760366439819
1.1226369142532349,0.7996753454208374
1.1052464246749878,0.80559241771698
1.1118247509002686,0.7868019342422485
1.0871833562850952,0.8621317744255066
1.0614523887634277,0.8455929756164551
1.0629467964172363,0.8798986673355103
1.0000141859054565,0.9613620638847351
0.9720093607902527,0.9789105653762817
0.9418907165527344,1.0863069295883179
0.8990406394004822,1.1077828407287598
0.857107400894165,1.1257094144821167
0.8305561542510986,1.2115418910980225
0.7693930864334106,1.3427965641021729
0.7549630999565125,1.4355602264404297
0.6664897203445435,1.4558355808258057
0.630897045135498,1.6203621625900269
0.6030829548835754,1.6846187114715576
0.5701864957809448,1.8540358543395996
0.5617490410804749,1.959136724472046
0.5479906797409058,1.9846333265304565
0.5238323211669922,2.0390419960021973
0.5222432613372803,2.175004720687866
0.5078385472297668,2.20408034324646
0.49648016691207886,2.2674338817596436
0.4931212067604065,2.2487549781799316
0.4779738783836365,2.34033203125
0.47746118903160095,2.2790098190307617
0.47284138202667236,2.234844923019409
0.48038506507873535,2.217902421951294
0.47715702652931213,2.2245726585388184
0.4948933720588684,2.15462064743042
0.5070452094078064,2.0881869792938232
0.5208108425140381,2.0796005725860596
0.5359717607498169,1.9990856647491455
0.5445190072059631,1.9308875799179077
0.557076096534729,1.9235986471176147
0.5704343318939209,1.8526546955108643
0.5789012908935547,1.8077173233032227
0.5961679816246033,1.74253249168396
0.6118620038032532,1.7098660469055176
0.6224915981292725,1.6971343755722046
0.6297400593757629,1.621819019317627
0.6370007991790771,1.5986781120300293
0.6538159251213074,1.5775401592254639
0.6563052535057068,1.5343353748321533
0.666642427444458,1.5042767524719238
0.6742733120918274,1.4633392095565796
0.6792796850204468,1.4922840595245361
0.6879857182502747,1.4253273010253906
0.689252495765686,1.4354877471923828
0.69415682554245,1.3950908184051514
0.698841392993927,1.372529149055481
0.7054261565208435,1.3641571998596191
0.7152658700942993,1.3276143074035645
0.7200689315795898,1.3088313341140747
0.7275394201278687,1.2909164428710938
0.7318142652511597,1.2843258380889893
0.7346240282058716,1.2853288650512695
0.7389683723449707,1.252598524093628
0.7489580512046814,1.243931531906128
0.7585013508796692,1.2338409423828125
0.7670228481292725,1.2139320373535156
0.7735378742218018,1.225139856338501
0.7805065512657166,1.1829826831817627
0.7836615443229675,1.2177646160125732
0.7884865999221802,1.17156183719635
0.7999716401100159,1.172680139541626
0.8022289276123047,1.1436731815338135
0.8138195276260376,1.129258394241333
0.8158981800079346,1.119920253753662
0.8219380378723145,1.115051031112671
0.8306105136871338,1.1024272441864014
0.8362189531326294,1.099096655845642
0.8457604646682739,1.0998272895812988
0.8516237735748291,1.0836467742919922
0.8602964878082275,1.0626074075698853
0.8687739372253418,1.0609591007232666
0.8758072853088379,1.0404117107391357
0.8766486644744873,1.056437373161316
0.8853268623352051,1.0372624397277832
0.8904328346252441,1.035898208618164
0.9006686806678772,1.0440666675567627
0.9019691944122314,1.0451173782348633
0.9046167731285095,1.0165424346923828
0.9059646129608154,1.0188920497894287
0.9043741226196289,1.0124173164367676
0.9013683199882507,1.0273687839508057
0.9109477996826172,0.9977277517318726
0.9172093272209167,1.0034816265106201
0.9111407995223999,1.0065028667449951
0.9130547046661377,1.009770154953003
0.9249968528747559,1.0034486055374146
0.9203470945358276,1.0226458311080933
0.9377122521400452,1.0217196941375732
0.9303073883056641,1.0322988033294678
0.9109996557235718,1.0493322610855103
0.9307351112365723,1.0701630115509033
0.9226644039154053,1.0282464027404785
0.9079420566558838,1.0661604404449463
0.9213554859161377,1.0864367485046387
0.9143140316009521,1.0625100135803223
0.8942959308624268,1.0609056949615479
0.8993720412254333,1.1247797012329102
0.8787825107574463,1.1521401405334473
0.8790937662124634,1.1346849203109741
0.8651974201202393,1.1358932256698608
0.8486782312393188,1.1499476432800293
0.8502318859100342,1.2086992263793945
0.8283287882804871,1.2319386005401611
0.8212238550186157,1.242554783821106
0.7944959402084351,1.2721035480499268
0.7879179120063782,1.2970027923583984
0.7637867331504822,1.287270188331604
0.7351276278495789,1.3154113292694092
0.7139378786087036,1.372022271156311
0.7014732956886292,1.3901336193084717
0.6742790937423706,1.4246810674667358
0.6658896803855896,1.4394783973693848
0.6425846219062805,1.4708406925201416
0.6212587952613831,1.488798975944519
0.6075759530067444,1.515507459640503
0.5961443185806274,1.5128612518310547
0.5822930335998535,1.587372899055481
0.5872340202331543,1.5768892765045166
0.5931241512298584,1.6084308624267578
0.5932737588882446,1.6052217483520508
0.6045531034469604,1.6015974283218384
0.6202319860458374,1.5847653150558472
0.637779712677002,1.5671777725219727
0.6525698304176331,1.5393760204315186
0.659822404384613,1.4705870151519775
0.6806294322013855,1.453537940979004
0.6908149719238281,1.4337687492370605
0.7187973856925964,1.3794443607330322
0.7374999523162842,1.3472546339035034
0.7635555863380432,1.3072161674499512
0.7873185873031616,1.2086279392242432
0.7909955382347107,1.1804158687591553
0.8252242803573608,1.1337488889694214
0.8443708419799805,1.0944783687591553
0.8759552240371704,1.0571930408477783
0.9038108587265015,1.012404441833496
0.9267610907554626,0.9926415085792542
0.9618884325027466,0.9527574777603149
0.9728224873542786,0.929848313331604
0.9814707040786743,0.9127669930458069
1.0128837823867798,0.8913474082946777
1.0217338800430298,0.8755942583084106
1.0577106475830078,0.8470020294189453
1.0746245384216309,0.8430722951889038
1.103331446647644,0.8008257150650024
