gen,disc
0.8609816431999207,1.2759807109832764
0.9233402609825134,1.3110514879226685
0.9584614038467407,1.292109727859497
0.9196645021438599,1.2974605560302734
0.8731892108917236,1.2726508378982544
0.9066025018692017,1.2626917362213135
0.876223623752594,1.3297274112701416
0.9125915169715881,1.2700090408325195
0.9376371502876282,1.2404130697250366
1.0295805931091309,1.2308893203735352
0.8863590359687805,1.2512816190719604
0.8200188875198364,1.278580904006958
0.8501172065734863,1.2954962253570557
0.970515787601471,1.2673003673553467
1.0576627254486084,1.190416932106018
1.0073723793029785,1.1891075372695923
0.910344660282135,1.2415697574615479
0.8481767773628235,1.2579444646835327
0.9052343368530273,1.199119210243225
0.9432816505432129,1.1967854499816895
0.917319118976593,1.2604972124099731
1.0405257940292358,1.200037956237793
1.0169408321380615,1.2048243284225464
0.9440070986747742,1.239782691001892
0.8641728162765503,1.1500728130340576
0.8779608607292175,1.1959983110427856
1.0053684711456299,1.167574167251587
1.0624550580978394,1.1256229877471924
1.0038244724273682,1.1700177192687988
1.06757390499115,1.175354242324829
0.9722334742546082,1.120365858078003
0.8539012670516968,1.2042113542556763
0.8988456726074219,1.1907169818878174
0.9669753909111023,1.1072208881378174
1.0423526763916016,1.1582975387573242
1.1144375801086426,1.144217610359192
1.0698843002319336,1.1046688556671143
0.9358521699905396,1.1439332962036133
0.9218288660049438,1.1432814598083496
0.9492722749710083,1.1084873676300049
1.0002611875534058,1.1478263139724731
1.0984481573104858,1.111175298690796
1.0918620824813843,1.1224007606506348
0.9884753227233887,1.1272404193878174
0.8883324861526489,1.1206419467926025
0.9416811466217041,1.1202120780944824
0.9731845855712891,1.1415355205535889
1.0303370952606201,1.1220334768295288
1.1178128719329834,1.1130290031433105
1.0520174503326416,1.1782450675964355
0.9009840488433838,1.1515190601348877
0.8765273094177246,1.1568691730499268
1.0298207998275757,1.0963826179504395
1.042778730392456,1.1783311367034912
1.036307692527771,1.1399331092834473
1.0140156745910645,1.1470165252685547
0.989806056022644,1.1585004329681396
0.9334468245506287,1.1594667434692383
0.9132530093193054,1.152585506439209
0.9974899888038635,1.2092337608337402
1.0134648084640503,1.141103744506836
0.9746782779693604,1.2097913026809692
0.9668840765953064,1.220457911491394
0.9317300319671631,1.215987205505371
0.8383427262306213,1.2143127918243408
0.8947119116783142,1.179131031036377
0.9744216799736023,1.2037196159362793
0.973136305809021,1.2648614645004272
1.0071128606796265,1.2296228408813477
0.8876786828041077,1.2538419961929321
0.8832682967185974,1.269673228263855
0.8357884883880615,1.2352149486541748
0.915747344493866,1.310208797454834
0.998396635055542,1.2423274517059326
1.002626657485962,1.2542544603347778
0.8950598239898682,1.299050211906433
0.8742648363113403,1.2212750911712646
0.8485134243965149,1.3456249237060547
0.942110538482666,1.222382664680481
0.9202961921691895,1.345784068107605
0.9180972576141357,1.3058464527130127
0.8534600138664246,1.2797038555145264
0.9230111241340637,1.2870051860809326
0.927162766456604,1.240696907043457
0.9136748909950256,1.325129508972168
0.920243501663208,1.296822190284729
0.923805832862854,1.3271796703338623
0.8669005036354065,1.2940479516983032
0.8859466314315796,1.2740367650985718
0.8647874593734741,1.274946928024292
0.9117072820663452,1.3237488269805908
0.9667503237724304,1.27601957321167
0.9407952427864075,1.2757052183151245
0.8313820958137512,1.2946078777313232
0.8828033804893494,1.270423173904419
0.8842536807060242,1.2990589141845703
1.055863857269287,1.2363885641098022
1.0643596649169922,1.216459035873413
0.9000457525253296,1.2213972806930542
0.8786022663116455,1.240417242050171
0.8786635398864746,1.244318962097168
0.9901952743530273,1.260637879371643
1.0233242511749268,1.2159864902496338
1.0306379795074463,1.1938672065734863
0.9102184772491455,1.2553577423095703
0.8770986199378967,1.2145854234695435
0.9544567465782166,1.2336260080337524
0.9479595422744751,1.2079493999481201
1.0189228057861328,1.168492078781128
0.9674140810966492,1.1732442378997803
1.029457449913025,1.189958095550537
0.9590725302696228,1.1907923221588135
0.9572684168815613,1.1891460418701172
0.8880367279052734,1.1862189769744873
0.9441289901733398,1.2046116590499878
0.9927722215652466,1.1945672035217285
1.0760643482208252,1.176481008529663
0.9804750680923462,1.1567137241363525
0.8859739303588867,1.2015607357025146
0.9124858379364014,1.2156275510787964
1.017566442489624,1.1874786615371704
1.0665775537490845,1.1702568531036377
0.9671125411987305,1.1550579071044922
0.9848272204399109,1.1487939357757568
0.9395466446876526,1.2209818363189697
0.9062631726264954,1.2262943983078003
0.9020636081695557,1.2401269674301147
1.0357751846313477,1.169014573097229
0.9668819308280945,1.2802255153656006
0.9906513690948486,1.178333044052124
0.9695559740066528,1.193204641342163
0.9156876802444458,1.209275245666504
0.9765455722808838,1.1560184955596924
0.9470884203910828,1.1856075525283813
1.0734093189239502,1.1530113220214844
0.9987571239471436,1.2470126152038574
0.9934372901916504,1.1329045295715332
0.9224100112915039,1.2154934406280518
0.9419338703155518,1.1817858219146729
0.9641731381416321,1.149989366531372
1.0428630113601685,1.1661019325256348
1.0011993646621704,1.252427339553833
1.0269840955734253,1.214965581893921
0.9808306097984314,1.1725820302963257
0.9642568230628967,1.2262847423553467
0.9500222206115723,1.2272884845733643
0.936442494392395,1.2328076362609863
0.9513558149337769,1.2276636362075806
1.0457265377044678,1.1955938339233398
1.066664695739746,1.216620922088623
1.0680550336837769,1.1734144687652588
0.9006862640380859,1.2448399066925049
0.9672287106513977,1.1895644664764404
0.9752798080444336,1.2141497135162354
0.9276014566421509,1.2372543811798096
0.9808530211448669,1.2368632555007935
1.0088162422180176,1.2580974102020264
1.023338794708252,1.2491142749786377
1.0042359828948975,1.2257332801818848
0.9249416589736938,1.2028074264526367
0.9103894233703613,1.2149542570114136
0.9996076822280884,1.2060070037841797
1.0174012184143066,1.2536370754241943
1.0338807106018066,1.2861473560333252
1.0168037414550781,1.2087074518203735
1.0038615465164185,1.2282882928848267
0.9785684943199158,1.2750244140625
0.8982163667678833,1.2558038234710693
0.9430469870567322,1.3018543720245361
0.9281793236732483,1.2560765743255615
0.969969630241394,1.1977827548980713
1.0296746492385864,1.2574753761291504
0.9608963131904602,1.2208290100097656
0.9607083201408386,1.2343733310699463
0.9686745405197144,1.2524306774139404
0.9011483788490295,1.2603882551193237
0.8761208653450012,1.2621488571166992
0.9447371959686279,1.2646139860153198
0.9947508573532104,1.26857590675354
1.0057833194732666,1.224237322807312
0.9708060622215271,1.2692291736602783
0.8923041820526123,1.2200604677200317
0.9309525489807129,1.2193104028701782
0.9508455395698547,1.2426044940948486
0.9741737246513367,1.2508163452148438
0.9639804363250732,1.1893737316131592
0.96207594871521,1.2264196872711182
0.9334089756011963,1.1994998455047607
0.9318826794624329,1.2917736768722534
0.9673815965652466,1.289344310760498
0.9737580418586731,1.217451572418213
0.8476773500442505,1.2557823657989502
0.9041428565979004,1.276543140411377
0.8644365072250366,1.3339078426361084
0.9811302423477173,1.2582850456237793
0.9381181597709656,1.2323715686798096
0.8789875507354736,1.2777100801467896
0.8747432231903076,1.281835913658142
0.8817510604858398,1.2383193969726562
0.8905692100524902,1.279110312461853
0.9836868047714233,1.2996153831481934
0.9558707475662231,1.3237136602401733
0.9306164383888245,1.2477350234985352
0.7820171117782593,1.342234492301941
0.8358672857284546,1.208653211593628
0.9016956686973572,1.2544500827789307
0.9544717669487,1.2952680587768555
1.0129557847976685,1.260263204574585
0.9029945135116577,1.3552560806274414
0.8448882699012756,1.3027241230010986
0.8434192538261414,1.2660335302352905
0.8402960300445557,1.2831300497055054
0.8766899704933167,1.2786593437194824
0.9712132215499878,1.2351353168487549
1.023767352104187,1.2864151000976562
0.9048077464103699,1.2410225868225098
0.9056901335716248,1.2002277374267578
0.8488084077835083,1.237835168838501
0.8944635987281799,1.2760915756225586
0.8972628116607666,1.2709437608718872
0.9508480429649353,1.28560209274292
0.9634124040603638,1.2092469930648804
0.9524614810943604,1.2325350046157837
0.920753002166748,1.2089191675186157
0.9346784949302673,1.2233388423919678
0.9668025970458984,1.1937874555587769
0.9778755307197571,1.2314289808273315
0.8905580639839172,1.2124794721603394
0.9391990900039673,1.2171330451965332
0.9776618480682373,1.1959888935089111
1.005541205406189,1.1978894472122192
0.9460294246673584,1.2028484344482422
0.9552844166755676,1.194969892501831
0.9135668277740479,1.2616100311279297
0.9813215732574463,1.1715413331985474
