gen,disc
0.9533254504203796,1.2846614122390747
0.9228076934814453,1.2988322973251343
0.8955020904541016,1.3462454080581665
0.8656961917877197,1.3006353378295898
0.8996925354003906,1.2817620038986206
0.9018746018409729,1.234236717224121
0.8907594680786133,1.2759974002838135
0.9881119132041931,1.2766335010528564
0.9645264148712158,1.2251380681991577
0.8891615867614746,1.2320711612701416
0.9249179363250732,1.2538784742355347
0.9521666765213013,1.281783103942871
0.9663835167884827,1.2386276721954346
0.9301994442939758,1.217644214630127
0.9475277662277222,1.1957459449768066
0.9714239835739136,1.1552238464355469
1.0120368003845215,1.1901943683624268
1.059238314628601,1.194044589996338
1.030828833580017,1.1492189168930054
0.9791245460510254,1.136850357055664
0.9761096239089966,1.106850028038025
0.9424842596054077,1.1877057552337646
1.0212645530700684,1.1455398797988892
1.0237538814544678,1.1858069896697998
1.0991729497909546,1.149848222732544
1.0629467964172363,1.124362587928772
1.055755853652954,1.175539255142212
0.9740816354751587,1.180806040763855
0.9481650590896606,1.136214256286621
1.0681817531585693,1.0919466018676758
1.103508472442627,1.110183835029602
1.1140437126159668,1.1697875261306763
1.1180171966552734,1.0840015411376953
1.0200691223144531,1.149739146232605
0.9972968101501465,1.1655021905899048
1.0483746528625488,1.0688010454177856
1.077415108680725,1.1534795761108398
1.1691534519195557,1.162461280822754
1.104718804359436,1.126717448234558
1.0635300874710083,1.1907767057418823
0.9362720251083374,1.2393673658370972
0.9551419019699097,1.1613500118255615
1.0714027881622314,1.1516005992889404
1.0800604820251465,1.1910314559936523
1.0915124416351318,1.2082018852233887
1.0520182847976685,1.218956708908081
1.053903341293335,1.1381762027740479
1.019175410270691,1.1273589134216309
0.9816675186157227,1.188220739364624
0.9542749524116516,1.1973918676376343
1.0241968631744385,1.2439730167388916
1.0737731456756592,1.2305550575256348
1.0915977954864502,1.2108895778656006
0.9760000705718994,1.183995246887207
0.9301385283470154,1.1600019931793213
0.9059735536575317,1.2488691806793213
1.0475772619247437,1.3173964023590088
1.032594919204712,1.249781847000122
1.0270371437072754,1.2458829879760742
1.0332446098327637,1.208536982536316
0.863495409488678,1.2332100868225098
0.8887169361114502,1.2668383121490479
0.9542864561080933,1.2307395935058594
1.0667654275894165,1.203133225440979
1.06144118309021,1.2498953342437744
1.01652193069458,1.266772985458374
0.9483498334884644,1.2106664180755615
0.9307945370674133,1.2601900100708008
0.9331580996513367,1.2493901252746582
0.9263818264007568,1.2730484008789062
0.9428846836090088,1.2569994926452637
0.994056761264801,1.315868616104126
0.9875655174255371,1.3102915287017822
0.921545684337616,1.3712819814682007
0.8229726552963257,1.278778314590454
0.9325620532035828,1.2754912376403809
0.9403871893882751,1.2844716310501099
0.8651292324066162,1.3328497409820557
0.9888993501663208,1.2947351932525635
0.9274360537528992,1.32676362991333
0.90985506772995,1.299248218536377
0.8721006512641907,1.3308205604553223
0.8857749104499817,1.3408862352371216
0.9184144735336304,1.3531107902526855
0.9180174469947815,1.3106720447540283
0.8738487362861633,1.3246241807937622
0.9424377679824829,1.274571418762207
0.9082397222518921,1.3155720233917236
0.9137174487113953,1.3851650953292847
0.8255079388618469,1.2852061986923218
0.8220288753509521,1.3528177738189697
0.8726117014884949,1.2726982831954956
0.9413340091705322,1.2918496131896973
0.9755046367645264,1.298494815826416
0.9508219361305237,1.2369084358215332
0.8506044745445251,1.367666482925415
0.8220757246017456,1.2890985012054443
0.8853223919868469,1.2378900051116943
0.8713234663009644,1.2860865592956543
0.9396740794181824,1.275456190109253
0.9618918895721436,1.2879084348678589
0.8999757170677185,1.2582645416259766
0.8673111200332642,1.260436773300171
0.8222540616989136,1.2421965599060059
0.8388270735740662,1.2549021244049072
0.9484858512878418,1.2034285068511963
0.9974998235702515,1.2048218250274658
0.9988512992858887,1.256657361984253
0.9756522178649902,1.1630487442016602
0.8691822290420532,1.1873502731323242
0.885520339012146,1.1343364715576172
0.9605054259300232,1.067298173904419
1.015713095664978,1.106741189956665
1.0429871082305908,1.0888620615005493
1.1623197793960571,1.0712487697601318
1.0643808841705322,1.0690689086914062
1.0647271871566772,1.07149338722229
1.0227434635162354,1.066500186920166
0.9837623238563538,1.0524146556854248
0.9738304615020752,1.077967882156372
1.0742945671081543,1.0753012895584106
1.1440448760986328,1.168757677078247
1.1705530881881714,1.054403305053711
1.1774369478225708,1.0377528667449951
1.0165259838104248,1.0313351154327393
1.024692416191101,1.0722976922988892
1.0365859270095825,1.0441805124282837
1.0730527639389038,1.049015760421753
1.1671262979507446,1.0485007762908936
1.1936780214309692,1.0576472282409668
1.1758391857147217,1.0939128398895264
1.1360836029052734,1.097210168838501
1.0249888896942139,1.0973457098007202
0.9656266570091248,1.1307367086410522
0.9412622451782227,1.1442406177520752
1.106567144393921,1.0861070156097412
1.1085107326507568,1.1678011417388916
1.1256593465805054,1.0879480838775635
1.240143895149231,1.1232285499572754
1.0461395978927612,1.1718778610229492
1.0004602670669556,1.1138479709625244
0.9525450468063354,1.1414865255355835
1.02577805519104,1.1312859058380127
1.0836999416351318,1.1471753120422363
1.081843376159668,1.2436187267303467
1.0755536556243896,1.1859827041625977
1.0391247272491455,1.217939853668213
1.0147284269332886,1.1583654880523682
0.9421559572219849,1.2340331077575684
0.9849122762680054,1.2369420528411865
1.0852348804473877,1.1900410652160645
0.9910142421722412,1.2626887559890747
1.0176424980163574,1.2818851470947266
0.9585332870483398,1.2900768518447876
0.9702430963516235,1.2180628776550293
0.9723044037818909,1.282312273979187
0.9544708728790283,1.246974229812622
1.0344517230987549,1.2538673877716064
1.043508529663086,1.2538621425628662
0.9835503697395325,1.3369848728179932
1.0187926292419434,1.1893506050109863
0.8928513526916504,1.3179128170013428
0.9399948716163635,1.3011996746063232
0.9696013927459717,1.3074665069580078
0.9539541006088257,1.3113059997558594
0.9442423582077026,1.3064558506011963
0.8706912994384766,1.368579626083374
1.0152220726013184,1.32767653465271
0.9260787963867188,1.3075298070907593
0.8509557843208313,1.3419060707092285
0.8894898891448975,1.3824691772460938
0.8383325338363647,1.3666679859161377
0.980222225189209,1.3382655382156372
0.950150191783905,1.3661012649536133
0.917107880115509,1.3535125255584717
0.8479856252670288,1.3230178356170654
0.8620091080665588,1.3342487812042236
0.8508425354957581,1.3430585861206055
0.8860524892807007,1.401681900024414
0.952542245388031,1.347019910812378
0.9292702078819275,1.347111701965332
0.836044430732727,1.3583452701568604
0.8002341389656067,1.3937830924987793
0.7972360849380493,1.3888700008392334
0.823292076587677,1.3607087135314941
0.8628989458084106,1.3563424348831177
0.9663708209991455,1.3179409503936768
0.8649412989616394,1.3414535522460938
0.8976473808288574,1.330029010772705
0.8093804121017456,1.297966718673706
0.7544621229171753,1.3619604110717773
0.8313042521476746,1.3094391822814941
0.9273105263710022,1.354755163192749
0.9241639375686646,1.3063323497772217
0.8750661611557007,1.3133156299591064
0.8928303122520447,1.277786135673523
0.8389979600906372,1.2730923891067505
0.9155663847923279,1.2416481971740723
0.9122815132141113,1.2937102317810059
0.946503221988678,1.2288434505462646
0.9282191395759583,1.2330873012542725
0.9118950963020325,1.1874141693115234
0.8990463614463806,1.2597557306289673
0.9477044939994812,1.1800620555877686
0.9505200982093811,1.1953389644622803
1.014664888381958,1.1359275579452515
1.042563557624817,1.197523593902588
1.0142264366149902,1.2398109436035156
0.9276750683784485,1.2317492961883545
0.9437408447265625,1.1689271926879883
0.9676958322525024,1.1959400177001953
0.969535231590271,1.144399642944336
0.9806324243545532,1.1742126941680908
1.0935925245285034,1.1481980085372925
1.033124327659607,1.2389699220657349
1.0065120458602905,1.1562597751617432
0.994803786277771,1.1484500169754028
0.9924724698066711,1.104292869567871
0.9481244683265686,1.2231316566467285
1.0168386697769165,1.191129446029663
1.0490944385528564,1.1474069356918335
1.1741262674331665,1.1073956489562988
1.002089262008667,1.2003059387207031
0.9940067529678345,1.1523083448410034
0.9987300634384155,1.1261100769042969
0.9970880746841431,1.1998475790023804
1.0244450569152832,1.1306555271148682
1.1148550510406494,1.0998873710632324
1.0275460481643677,1.1155471801757812
1.0161017179489136,1.127622127532959
1.0974787473678589,1.1319447755813599
0.9939053058624268,1.158653974533081
0.9359222650527954,1.1951799392700195
1.0224554538726807,1.1665343046188354
0.9978592991828918,1.1889989376068115
