gen,disc
0.9518053531646729,1.3797883987426758
0.9086918234825134,1.3646552562713623
0.859680712223053,1.3645224571228027
0.8935092091560364,1.354898452758789
0.9534872770309448,1.2822295427322388
1.0258657932281494,1.3131641149520874
1.0131700038909912,1.241361141204834
1.0061438083648682,1.1966500282287598
1.0096869468688965,1.232060432434082
0.9589726328849792,1.1670997142791748
0.9771435856819153,1.15807044506073
1.0688865184783936,1.153804063796997
1.0746352672576904,1.1834206581115723
1.016006588935852,1.1724789142608643
1.0353516340255737,1.1217877864837646
1.0372129678726196,1.1278092861175537
1.0192279815673828,1.1482155323028564
1.0777103900909424,1.1624400615692139
1.1254236698150635,1.0841950178146362
1.0706031322479248,1.0842704772949219
1.01739501953125,1.0482490062713623
1.0284823179244995,1.0651705265045166
1.067528247833252,1.109316110610962
1.126312017440796,1.0838115215301514
1.2203023433685303,1.0543785095214844
1.1767905950546265,1.0457208156585693
1.0688843727111816,1.0766117572784424
0.9973615407943726,1.0361671447753906
1.001285433769226,1.1379786729812622
1.110846757888794,1.053125262260437
1.0760908126831055,1.0908129215240479
1.1098332405090332,1.1055872440338135
1.0799229145050049,1.1050978899002075
1.0966740846633911,1.0986456871032715
0.952433705329895,1.1275770664215088
0.9958155155181885,1.1369783878326416
1.0542352199554443,1.079777479171753
1.1415421962738037,1.0519287586212158
1.0594782829284668,1.0916624069213867
1.0352250337600708,1.0801751613616943
1.1364929676055908,1.1054978370666504
0.9876546263694763,1.1159934997558594
1.0182876586914062,1.099610686302185
1.0082619190216064,1.1758404970169067
1.0511339902877808,1.0720900297164917
1.0947407484054565,1.1011509895324707
1.0759825706481934,1.0764583349227905
1.0630515813827515,1.1145515441894531
1.0239834785461426,1.0852513313293457
1.0027095079421997,1.0591936111450195
0.9468084573745728,1.1250839233398438
1.001165747642517,1.1588134765625
1.072027325630188,1.1281753778457642
1.1027004718780518,1.1422439813613892
1.1525847911834717,1.0536850690841675
0.9433388113975525,1.1155469417572021
0.9436562657356262,1.126382827758789
0.9307112693786621,1.1289634704589844
1.0208524465560913,1.093561053276062
1.0902979373931885,1.1490592956542969
1.1644877195358276,1.0628108978271484
1.106122374534607,1.1390197277069092
1.0088555812835693,1.1056065559387207
0.9459494948387146,1.1521166563034058
0.9727271795272827,1.1261813640594482
0.9794924855232239,1.0861352682113647
1.0816690921783447,1.1044740676879883
1.1500887870788574,1.0851070880889893
1.1644996404647827,1.0635091066360474
1.0530269145965576,1.0954546928405762
1.0375454425811768,1.0599939823150635
1.0121726989746094,1.0553697347640991
1.067173957824707,1.0896527767181396
1.1178914308547974,1.1055006980895996
1.1361068487167358,1.084073543548584
1.079521894454956,1.0850900411605835
1.0508977174758911,1.2029333114624023
1.0636826753616333,1.1417670249938965
1.1008522510528564,1.0837267637252808
1.066867470741272,1.1648820638656616
1.0768115520477295,1.0812740325927734
1.0715748071670532,1.1611807346343994
1.1536414623260498,1.1585087776184082
1.107749581336975,1.165196180343628
1.077109456062317,1.2288832664489746
1.0514968633651733,1.185332179069519
0.9938902258872986,1.2769619226455688
0.9880262017250061,1.228466272354126
0.9890187978744507,1.2728192806243896
1.041999101638794,1.2764570713043213
1.0416443347930908,1.2526558637619019
1.0556524991989136,1.388482689857483
1.03024160861969,1.2936819791793823
0.9658453464508057,1.375709891319275
0.9700385928153992,1.2964823246002197
0.9332647323608398,1.294086217880249
0.8660068511962891,1.432396411895752
0.902885913848877,1.3207988739013672
1.0964645147323608,1.285552740097046
1.0786417722702026,1.3422255516052246
1.0425645112991333,1.3371069431304932
0.868262529373169,1.2553167343139648
0.8649315237998962,1.3101471662521362
0.9459659457206726,1.2188286781311035
0.975739598274231,1.3228312730789185
1.1219451427459717,1.3266457319259644
1.0963340997695923,1.3263652324676514
0.9887914657592773,1.2510583400726318
0.8258822560310364,1.3181626796722412
0.8654251098632812,1.2840113639831543
0.9751671552658081,1.2846697568893433
1.096031904220581,1.177405595779419
1.0955578088760376,1.322091817855835
1.0078555345535278,1.2740588188171387
1.0106770992279053,1.2130321264266968
0.9712743759155273,1.2400546073913574
0.9389088153839111,1.2832884788513184
0.9882999658584595,1.2233332395553589
0.9532532691955566,1.3203401565551758
1.0764819383621216,1.2077240943908691
1.0409356355667114,1.264455795288086
1.0093294382095337,1.2843292951583862
0.8926444053649902,1.3088982105255127
0.9345377683639526,1.2277801036834717
0.9563040733337402,1.2815768718719482
0.9798953533172607,1.3562214374542236
0.9214747548103333,1.2879797220230103
0.9422084093093872,1.2595876455307007
0.9208887815475464,1.3153748512268066
0.9244571328163147,1.3141849040985107
0.8978963494300842,1.27862548828125
0.9562513828277588,1.2996691465377808
0.8891286253929138,1.3077476024627686
0.9681254625320435,1.2431260347366333
0.9523025751113892,1.2786353826522827
0.9558334946632385,1.2796218395233154
0.8873083591461182,1.3287371397018433
0.8695021271705627,1.3012895584106445
0.8153951168060303,1.3682005405426025
0.8927714228630066,1.29451584815979
0.8601513504981995,1.339937686920166
0.9283722639083862,1.3054637908935547
0.8469457030296326,1.3199905157089233
0.9154744148254395,1.2651946544647217
0.9079551696777344,1.2905423641204834
0.9108304381370544,1.2425107955932617
0.8196558356285095,1.3021621704101562
0.8761008381843567,1.2483348846435547
0.8699809312820435,1.2885805368423462
0.9306288957595825,1.2379491329193115
0.9949841499328613,1.1551320552825928
1.0456417798995972,1.1214964389801025
1.0148752927780151,1.125429391860962
0.9304230213165283,1.1792566776275635
0.9493463039398193,1.1892766952514648
0.9348984956741333,1.1507385969161987
1.016652226448059,1.07655930519104
1.046565055847168,1.036496639251709
1.0901906490325928,1.0848350524902344
1.0840497016906738,1.0867671966552734
1.1340935230255127,1.0718822479248047
1.094475269317627,1.0710833072662354
1.0549063682556152,1.0308390855789185
1.062474250793457,1.0340960025787354
1.117082118988037,1.0796499252319336
1.0537769794464111,1.0999016761779785
1.079756498336792,1.089235544204712
1.0994482040405273,1.1150397062301636
1.159801959991455,1.0476562976837158
1.1179568767547607,1.1059257984161377
1.069027066230774,1.1719789505004883
1.111402988433838,1.0958302021026611
1.0920659303665161,1.1693568229675293
1.0374512672424316,1.121614933013916
1.0198795795440674,1.1047836542129517
1.0882357358932495,1.150321125984192
1.1255544424057007,1.136689305305481
1.1655328273773193,1.1572351455688477
1.0219566822052002,1.2076531648635864
1.066635251045227,1.182834506034851
1.0304646492004395,1.153917670249939
1.0853559970855713,1.1432101726531982
1.0076243877410889,1.2400249242782593
1.0910429954528809,1.1235361099243164
1.0373929738998413,1.2417242527008057
0.9637476205825806,1.2537270784378052
1.0499416589736938,1.195152759552002
1.0685832500457764,1.1888660192489624
0.9986221790313721,1.246111512184143
1.0031330585479736,1.2826645374298096
1.008866786956787,1.1536452770233154
1.032301664352417,1.1939568519592285
1.0102076530456543,1.1526620388031006
1.03422212600708,1.181170105934143
1.0360413789749146,1.213494062423706
1.0235908031463623,1.2146153450012207
1.0482075214385986,1.2266805171966553
1.0116746425628662,1.2330265045166016
0.9939029812812805,1.2340130805969238
0.9549968838691711,1.2173752784729004
0.9748753905296326,1.2454688549041748
0.9993103742599487,1.2129648923873901
1.0183488130569458,1.1687004566192627
1.0768895149230957,1.3322205543518066
1.024080514907837,1.1911060810089111
0.9314641952514648,1.2287733554840088
0.9022599458694458,1.2118531465530396
0.9991445541381836,1.2495410442352295
1.0852001905441284,1.2145981788635254
1.0238800048828125,1.2715624570846558
0.9839966297149658,1.2923798561096191
0.8423933982849121,1.2707781791687012
0.8835116624832153,1.363401174545288
0.9808799624443054,1.1944212913513184
1.002387523651123,1.2468938827514648
1.0165730714797974,1.306443691253662
1.0244061946868896,1.3004436492919922
0.8986767530441284,1.2852283716201782
0.8777663707733154,1.3179306983947754
0.8339332938194275,1.3221392631530762
0.9847376346588135,1.2346000671386719
0.9620208740234375,1.3007704019546509
0.9269930720329285,1.281637191772461
0.9092079997062683,1.3758668899536133
0.8810221552848816,1.2931095361709595
0.8322451710700989,1.355904221534729
0.7974547743797302,1.368849515914917
0.8561143279075623,1.313828706741333
1.0088791847229004,1.3095207214355469
0.8950474858283997,1.345206379890442
0.875485897064209,1.2900068759918213
0.8612581491470337,1.3403611183166504
0.8936419486999512,1.2502723932266235
0.9167928695678711,1.2383568286895752
0.8288071751594543,1.3148672580718994
