gen,disc
0.8543721437454224,1.2460695505142212
0.8398932814598083,1.2869408130645752
0.8648039102554321,1.2230801582336426
0.8837199807167053,1.2710654735565186
0.9318552613258362,1.229181170463562
0.9292389154434204,1.3157660961151123
0.9604713320732117,1.2185511589050293
0.9378382563591003,1.2415132522583008
0.8388065695762634,1.2199289798736572
0.8309438228607178,1.187691569328308
0.9057888984680176,1.2065160274505615
0.9021466374397278,1.2204675674438477
0.9594082236289978,1.1996276378631592
1.005725622177124,1.1791476011276245
0.9584459066390991,1.1867295503616333
0.9258618354797363,1.1745309829711914
0.9190619587898254,1.164535641670227
0.8951113224029541,1.1652352809906006
1.0028431415557861,1.1185433864593506
1.0344500541687012,1.1432466506958008
1.0731074810028076,1.1435003280639648
1.047488808631897,1.0839349031448364
1.0278695821762085,1.072068214416504
1.0683212280273438,1.0830488204956055
0.9860050678253174,1.0952799320220947
1.0721837282180786,1.0640780925750732
1.078446865081787,1.056898593902588
1.0481723546981812,1.1115269660949707
1.029268741607666,1.1513073444366455
0.9747059941291809,1.1062158346176147
1.067275881767273,1.0882508754730225
1.0790657997131348,1.1103615760803223
1.0919800996780396,1.0609170198440552
1.078178882598877,1.082283854484558
1.0617449283599854,1.111564040184021
1.0182230472564697,1.1411737203598022
1.04022216796875,1.0776610374450684
1.1351370811462402,1.0892386436462402
1.0931525230407715,1.1165502071380615
1.115046501159668,1.063704490661621
1.0132312774658203,1.1417317390441895
1.0336822271347046,1.1200737953186035
1.0642085075378418,1.1495742797851562
1.0483092069625854,1.0945502519607544
1.046303391456604,1.1574409008026123
1.0498707294464111,1.1307611465454102
1.0624213218688965,1.132688045501709
1.0274604558944702,1.1466357707977295
1.023003101348877,1.1158099174499512
1.0644209384918213,1.183366060256958
1.0517748594284058,1.1721463203430176
0.998436450958252,1.1998379230499268
1.0514062643051147,1.141141414642334
1.0612068176269531,1.1552919149398804
1.0089242458343506,1.1571509838104248
0.9858682155609131,1.1487189531326294
1.026749849319458,1.1264312267303467
1.0608371496200562,1.1562254428863525
1.0988857746124268,1.1457066535949707
1.0121948719024658,1.2160723209381104
1.1276501417160034,1.159167766571045
1.07864511013031,1.1743135452270508
0.9921008348464966,1.1290936470031738
0.9235053062438965,1.1945825815200806
0.8527083992958069,1.2633665800094604
1.1186779737472534,1.1760733127593994
1.1226142644882202,1.227419376373291
1.127318024635315,1.2117338180541992
0.9408121109008789,1.2288424968719482
0.872434139251709,1.301806092262268
0.9247504472732544,1.2301833629608154
0.9541300535202026,1.2747963666915894
1.045644760131836,1.3372668027877808
1.0501030683517456,1.2712905406951904
0.9453864693641663,1.251511812210083
0.897168755531311,1.264711618423462
0.8424695134162903,1.2649853229522705
0.8351329565048218,1.3189618587493896
0.9237854480743408,1.3229515552520752
1.0208516120910645,1.3116390705108643
0.9976530075073242,1.4150028228759766
0.8219451308250427,1.353276252746582
0.828880250453949,1.3465745449066162
0.7719636559486389,1.3293662071228027
0.8423541188240051,1.4045023918151855
0.8643150329589844,1.4358320236206055
0.9214286208152771,1.3867933750152588
0.8143336772918701,1.44082510471344
0.788763701915741,1.4025989770889282
0.8185573816299438,1.4294506311416626
0.8724512457847595,1.381699800491333
0.78758305311203,1.4269847869873047
0.754647970199585,1.440659999847412
0.7585518956184387,1.4551465511322021
0.7535830736160278,1.4569401741027832
0.7999266386032104,1.4170141220092773
0.8455356955528259,1.390089511871338
0.7989640235900879,1.3700530529022217
0.8030022978782654,1.3811192512512207
0.8636764287948608,1.3236355781555176
0.8113662004470825,1.3446502685546875
0.7987968921661377,1.3645539283752441
0.8436379432678223,1.2942326068878174
0.9106985330581665,1.245036244392395
0.9058789014816284,1.2791163921356201
0.8270426988601685,1.2940502166748047
0.8973180651664734,1.2381484508514404
0.8764762878417969,1.2111437320709229
0.9717337489128113,1.2056028842926025
0.9952332377433777,1.1664074659347534
0.9985924363136292,1.168229341506958
1.0416486263275146,1.1314013004302979
1.0046941041946411,1.1381726264953613
1.0273196697235107,1.148841142654419
0.9738711714744568,1.1867637634277344
1.0193923711776733,1.129636526107788
1.0583255290985107,1.06748366355896
1.0791338682174683,1.168009877204895
1.1135718822479248,1.1136269569396973
1.0715148448944092,1.1506184339523315
1.0895614624023438,1.0934826135635376
1.0460737943649292,1.0658683776855469
1.0433863401412964,1.1542820930480957
1.0905219316482544,1.0781701803207397
1.170304775238037,1.0266330242156982
1.1150518655776978,1.05641508102417
1.1562886238098145,1.0894758701324463
1.0963002443313599,1.150275707244873
1.0249508619308472,1.0887172222137451
1.0995702743530273,1.076412558555603
1.0671271085739136,1.1484397649765015
1.1842395067214966,1.083711862564087
1.1153053045272827,1.1311779022216797
1.0743292570114136,1.067030429840088
1.0301496982574463,1.0739084482192993
1.0365334749221802,1.0977058410644531
1.074111819267273,1.055060863494873
1.1910195350646973,1.027156949043274
1.106154441833496,1.0688390731811523
1.111930251121521,1.102081537246704
1.0891039371490479,1.0556108951568604
1.0978167057037354,1.0776379108428955
1.0301162004470825,1.0888686180114746
1.0872257947921753,1.1016168594360352
1.0934467315673828,1.0823659896850586
1.069777011871338,1.0910862684249878
1.0571777820587158,1.134127140045166
1.1240718364715576,1.0570448637008667
1.1150017976760864,1.0537734031677246
1.1532806158065796,1.0671952962875366
1.1089138984680176,1.1425652503967285
1.143985629081726,1.0499234199523926
1.0388911962509155,1.1130316257476807
1.0610953569412231,1.10660982131958
1.0486464500427246,1.085744023323059
1.068023443222046,1.1181392669677734
1.0592327117919922,1.119728684425354
1.1324799060821533,1.1231944561004639
1.1044682264328003,1.1201720237731934
1.0784595012664795,1.1532297134399414
1.015188455581665,1.1158443689346313
0.964328408241272,1.2288892269134521
0.9692173004150391,1.200445532798767
1.0624693632125854,1.1447076797485352
1.1107257604599,1.2011516094207764
1.1119920015335083,1.1441497802734375
0.9619864225387573,1.2331712245941162
0.9278345108032227,1.2203640937805176
0.9224939346313477,1.2117571830749512
0.9399588704109192,1.2202582359313965
1.0101226568222046,1.2601277828216553
1.0735315084457397,1.2997311353683472
1.000939130783081,1.2891845703125
0.8136857151985168,1.3401896953582764
0.8937022686004639,1.2635542154312134
0.9283539056777954,1.2994939088821411
0.8855245113372803,1.2888810634613037
0.9767715334892273,1.3149476051330566
0.9808706045150757,1.335524559020996
0.9033718705177307,1.3378019332885742
0.785467267036438,1.4106502532958984
0.8072354197502136,1.3829572200775146
0.8484435081481934,1.3302006721496582
0.9012000560760498,1.4340577125549316
0.9974913597106934,1.335827350616455
0.8119827508926392,1.4427847862243652
0.7892597913742065,1.3883066177368164
0.7662985920906067,1.4026343822479248
0.7644149661064148,1.413143515586853
0.8737000226974487,1.36094069480896
0.9374595880508423,1.3442355394363403
0.9211127161979675,1.3807299137115479
0.8758189678192139,1.3284335136413574
0.8095176815986633,1.3871467113494873
0.7891930341720581,1.3537852764129639
0.8633454442024231,1.3173142671585083
0.8742467164993286,1.372271180152893
0.9115523099899292,1.2841532230377197
0.9100099802017212,1.305519700050354
0.9040915369987488,1.3086196184158325
0.8716386556625366,1.3617384433746338
0.8512716889381409,1.2967243194580078
0.8320943117141724,1.2972567081451416
0.793549656867981,1.350609540939331
0.9524267911911011,1.2864820957183838
0.9902803897857666,1.3138391971588135
0.8890753984451294,1.3316900730133057
0.8844053745269775,1.2784157991409302
0.8082805871963501,1.3128485679626465
0.8057867288589478,1.3343431949615479
0.8589138984680176,1.2955176830291748
0.8985077142715454,1.3131109476089478
0.9691064357757568,1.2499053478240967
0.9616633057594299,1.2448303699493408
0.9565767049789429,1.2527694702148438
0.9127336144447327,1.213165044784546
0.8672948479652405,1.1977460384368896
0.8622772693634033,1.3030552864074707
0.9764902591705322,1.2122843265533447
0.9805236458778381,1.2054669857025146
1.028212308883667,1.2048535346984863
1.0139379501342773,1.1495425701141357
1.02492094039917,1.1953574419021606
0.8759866952896118,1.1925432682037354
0.9452118873596191,1.2064852714538574
0.9161202311515808,1.1768113374710083
1.0315022468566895,1.1915827989578247
1.0163662433624268,1.260291337966919
1.0075907707214355,1.184065580368042
0.9903436899185181,1.221720814704895
0.9712967276573181,1.1408030986785889
0.8930413126945496,1.204244613647461
0.9775725603103638,1.197170376777649
0.9594571590423584,1.1764576435089111
1.0413129329681396,1.2137271165847778
