gen,disc
0.8082812428474426,1.5440125465393066
0.8129802942276001,1.5145578384399414
0.7757462859153748,1.5042693614959717
0.7792133092880249,1.5020928382873535
0.7377715706825256,1.4942421913146973
0.7499642968177795,1.5031895637512207
0.8153250813484192,1.4543907642364502
0.8335493803024292,1.4219064712524414
0.8704096078872681,1.4142757654190063
0.8845697045326233,1.3543615341186523
0.8317713737487793,1.4094774723052979
0.8389695286750793,1.3776625394821167
0.8223769664764404,1.3483655452728271
0.8491829633712769,1.2792201042175293
0.8279328346252441,1.2978826761245728
0.8898731470108032,1.2818819284439087
0.9326026439666748,1.2771618366241455
0.9371027946472168,1.2481601238250732
0.9286366701126099,1.221909999847412
0.9155738353729248,1.2321656942367554
0.9019752144813538,1.2422834634780884
0.8894734382629395,1.2348172664642334
0.9101436138153076,1.214332103729248
0.9043216705322266,1.1917060613632202
0.9118291735649109,1.27509605884552
0.9123131632804871,1.229891061782837
0.9087725877761841,1.20131254196167
0.9111225605010986,1.194594383239746
0.8795281648635864,1.2606642246246338
0.935648500919342,1.2147901058197021
0.8859817385673523,1.2580351829528809
0.9153423309326172,1.2359507083892822
0.8971234560012817,1.2512081861495972
0.8792743682861328,1.2810893058776855
0.853218674659729,1.2749465703964233
0.8479419350624084,1.2565056085586548
0.8433392643928528,1.3279095888137817
0.8829015493392944,1.2721408605575562
0.8498848676681519,1.3164442777633667
0.8193955421447754,1.3588032722473145
0.8257009983062744,1.3885726928710938
0.8174164891242981,1.3835349082946777
0.781585693359375,1.3956778049468994
0.7529779672622681,1.3048758506774902
0.7527264952659607,1.3931185007095337
0.7810994386672974,1.3302308320999146
0.7591724395751953,1.456377625465393
0.783021092414856,1.4247196912765503
0.7382136583328247,1.467547059059143
0.7773823738098145,1.4317471981048584
0.7247021794319153,1.555626630783081
0.7273983359336853,1.4282300472259521
0.694696843624115,1.4478068351745605
0.6560403108596802,1.438026785850525
0.6610247492790222,1.513168454170227
0.7068411111831665,1.419229507446289
0.7080167531967163,1.397218942642212
0.7402347922325134,1.473960280418396
0.7249994874000549,1.4292094707489014
0.7140101194381714,1.4597454071044922
0.7235031723976135,1.4031790494918823
0.7515883445739746,1.430873155593872
0.707680344581604,1.3582792282104492
0.7072578072547913,1.3366426229476929
0.7600968480110168,1.2825766801834106
0.7557981610298157,1.2863465547561646
0.7788638472557068,1.2790544033050537
0.804263710975647,1.2655904293060303
0.8583817481994629,1.2067874670028687
0.8295743465423584,1.2121951580047607
0.8289867639541626,1.1777945756912231
0.8551255464553833,1.174659013748169
0.8727693557739258,1.1449973583221436
0.8909684419631958,1.0961735248565674
0.9166382551193237,1.0839815139770508
0.8948224186897278,1.1275831460952759
0.8928951621055603,1.0902485847473145
0.9748633503913879,1.096082091331482
0.9620940685272217,1.053824543952942
0.9357170462608337,1.1019247770309448
0.9371606707572937,1.0339782238006592
0.9399936199188232,1.064060926437378
0.9476367235183716,1.0144364833831787
0.9819329380989075,1.0656051635742188
0.9736642837524414,1.1212862730026245
1.0034478902816772,0.981841504573822
0.9746801257133484,1.0667803287506104
0.9625990986824036,1.0851991176605225
1.003494381904602,1.065824270248413
0.9680506587028503,1.0558379888534546
1.0037628412246704,1.083184003829956
0.9950486421585083,1.055809497833252
0.9841585159301758,1.1070276498794556
0.9583638906478882,1.0787088871002197
0.9564408659934998,1.1173797845840454
0.9474130868911743,1.1786669492721558
0.9341104030609131,1.163640022277832
0.9283521175384521,1.1604692935943604
0.9336528778076172,1.175895094871521
0.9655386805534363,1.1611753702163696
0.9491329789161682,1.2251200675964355
0.9401165246963501,1.274989366531372
0.8885828256607056,1.3016281127929688
0.8729618191719055,1.3188388347625732
0.8749836683273315,1.3363306522369385
0.8286988139152527,1.354108452796936
0.8626143336296082,1.291178822517395
0.8582437038421631,1.379421353340149
0.8456488847732544,1.3625094890594482
0.8343156576156616,1.428083896636963
0.8290966153144836,1.4384407997131348
0.8207972049713135,1.4443788528442383
0.7716854810714722,1.503385305404663
0.7522721290588379,1.4832737445831299
0.7564222812652588,1.4982331991195679
0.7711049318313599,1.5372732877731323
0.7768234014511108,1.5021803379058838
0.7543873190879822,1.524549126625061
0.767791748046875,1.5877506732940674
0.7979397177696228,1.6015284061431885
0.7493814826011658,1.605116367340088
0.7167660593986511,1.5639863014221191
0.7109737992286682,1.638197898864746
0.7276934385299683,1.5932533740997314
0.7384563684463501,1.61650812625885
0.7286919355392456,1.5572481155395508
0.7464175224304199,1.6012248992919922
0.7094590663909912,1.6047537326812744
0.7195794582366943,1.6221450567245483
0.7502189874649048,1.576088309288025
0.701543390750885,1.6379547119140625
0.7281706929206848,1.607041597366333
0.6902292966842651,1.6211682558059692
0.7104644775390625,1.5725603103637695
0.6959598064422607,1.5900092124938965
0.7329075336456299,1.5376626253128052
0.7743866443634033,1.536686897277832
0.7896865606307983,1.520211935043335
0.7709359526634216,1.493652582168579
0.77940833568573,1.51937735080719
0.7861889004707336,1.4753172397613525
0.7377760410308838,1.4932491779327393
0.7368146181106567,1.4465991258621216
0.7555500864982605,1.4579172134399414
0.7814584374427795,1.462287425994873
0.8250359296798706,1.3817901611328125
0.8159773945808411,1.3709712028503418
0.7946497201919556,1.3876292705535889
0.8225452303886414,1.401155948638916
0.7968100905418396,1.4004398584365845
0.8095125555992126,1.3506925106048584
0.780916690826416,1.4201208353042603
0.8360943794250488,1.3348802328109741
0.8232907652854919,1.3047420978546143
0.8079396486282349,1.3495018482208252
0.8411274552345276,1.3177108764648438
0.8584677577018738,1.3207626342773438
0.8492833971977234,1.2876384258270264
0.8079347610473633,1.3064119815826416
0.8274292945861816,1.2564454078674316
0.8213609457015991,1.331618070602417
0.8615090847015381,1.2578117847442627
0.8379790782928467,1.2727572917938232
0.8476065993309021,1.2339723110198975
0.8573780059814453,1.2455484867095947
0.8447574377059937,1.2897729873657227
0.9209601879119873,1.2050811052322388
0.9029742479324341,1.2094411849975586
0.8327968716621399,1.222531795501709
0.864623486995697,1.2212326526641846
0.8579689264297485,1.2072649002075195
0.851702094078064,1.2196248769760132
0.874695897102356,1.1902132034301758
0.8699231743812561,1.2412257194519043
0.8528125882148743,1.2358486652374268
0.8575109243392944,1.247896432876587
0.8102418184280396,1.2390929460525513
0.7998474836349487,1.2260088920593262
0.8009036779403687,1.2339255809783936
0.8176256418228149,1.2542093992233276
0.8407171964645386,1.2731308937072754
0.860594630241394,1.2599538564682007
0.8386592864990234,1.2547366619110107
0.7958306074142456,1.3159832954406738
0.7654513120651245,1.2720317840576172
0.7601184844970703,1.291128396987915
0.758388340473175,1.2668671607971191
0.767335832118988,1.2798212766647339
0.7704091668128967,1.2838934659957886
0.8282063007354736,1.270808458328247
0.8089136481285095,1.2773535251617432
0.8108435869216919,1.3168096542358398
0.7912914156913757,1.3064578771591187
0.7355844378471375,1.3306336402893066
0.688227117061615,1.3152053356170654
0.7200880646705627,1.2891113758087158
0.7487407922744751,1.2694737911224365
0.7798254489898682,1.288137674331665
0.7902054786682129,1.257389783859253
0.7968064546585083,1.2620490789413452
0.8218849301338196,1.2405003309249878
0.8288701772689819,1.2202560901641846
0.8147578239440918,1.226009488105774
0.7798781394958496,1.2374787330627441
0.7702051401138306,1.21341073513031
0.80251544713974,1.1728079319000244
0.8076542615890503,1.1967337131500244
0.8453977704048157,1.1605000495910645
0.8759952783584595,1.1412551403045654
0.8595449924468994,1.1557221412658691
0.8942103385925293,1.1465468406677246
0.8543049693107605,1.12411630153656
0.882096529006958,1.1468015909194946
0.8839859366416931,1.1140210628509521
0.8609910011291504,1.1172791719436646
0.9229401350021362,1.0559535026550293
0.8918405175209045,1.0794090032577515
0.8999465703964233,1.0984861850738525
0.9463518857955933,1.061561107635498
1.001630187034607,1.0437439680099487
1.0072153806686401,1.025024175643921
1.007049798965454,1.006691575050354
0.9603338241577148,1.007469892501831
0.9778680801391602,1.0121862888336182
0.9691538214683533,1.0341203212738037
0.9967016577720642,1.0173135995864868
0.9882864356040955,1.0655653476715088
1.027522087097168,1.0082453489303589
1.001347541809082,1.0026463270187378
1.0277373790740967,1.0175496339797974
1.0300912857055664,1.0232396125793457
1.0368281602859497,0.9988981485366821
1.0204718112945557,0.9752671718597412
1.0137553215026855,1.0313822031021118
1.0391461849212646,1.0991699695587158
