gen,disc
0.9093778729438782,1.334420919418335
0.8882174491882324,1.3295543193817139
0.9305566549301147,1.2811323404312134
0.8163638114929199,1.3545782566070557
0.9672160744667053,1.2463610172271729
0.807935357093811,1.3496654033660889
0.8550501465797424,1.3027263879776
0.8852094411849976,1.363638162612915
0.8032425045967102,1.3735889196395874
0.757621169090271,1.3643169403076172
0.8093909621238708,1.3636176586151123
0.912498414516449,1.3324724435806274
0.8888892531394958,1.4005379676818848
0.7645153403282166,1.4584708213806152
0.7613183259963989,1.419504165649414
0.7889589667320251,1.314699649810791
0.7626069784164429,1.4040418863296509
0.7871782779693604,1.371715784072876
0.8578689098358154,1.4116135835647583
0.8161853551864624,1.3542628288269043
0.8184173107147217,1.30930757522583
0.8210732936859131,1.334259033203125
0.8245437145233154,1.3012537956237793
0.8191801309585571,1.3300909996032715
0.8593825101852417,1.2784621715545654
0.8899770975112915,1.3277473449707031
0.8632394671440125,1.282182216644287
0.8149346709251404,1.2746129035949707
0.8701959848403931,1.2531335353851318
0.8743373155593872,1.2598931789398193
0.873343825340271,1.2666120529174805
0.8848409652709961,1.1982848644256592
0.9067509770393372,1.2406158447265625
0.9411454200744629,1.2101483345031738
0.9193099141120911,1.203389286994934
0.9319595694541931,1.1708067655563354
0.895034909248352,1.223158836364746
0.9143019914627075,1.2035480737686157
0.9395340085029602,1.217254877090454
1.0172687768936157,1.1322946548461914
0.9996204376220703,1.1698904037475586
0.9106423258781433,1.1686041355133057
0.8550721406936646,1.2290915250778198
0.9144573211669922,1.2191784381866455
1.0139683485031128,1.179126501083374
1.025704264640808,1.1613805294036865
1.0150518417358398,1.2359130382537842
0.9491140842437744,1.1773993968963623
0.9378261566162109,1.1727290153503418
0.9300094246864319,1.1834954023361206
1.0009087324142456,1.1581554412841797
0.9971939325332642,1.178674340248108
1.1098297834396362,1.1733876466751099
1.0788487195968628,1.1630955934524536
0.9609110951423645,1.1680948734283447
0.8917897939682007,1.2387983798980713
0.8974916338920593,1.255672574043274
0.9800523519515991,1.1969447135925293
1.0585323572158813,1.257946252822876
1.0177478790283203,1.221278429031372
0.9847328662872314,1.158201813697815
0.9284680485725403,1.233412504196167
0.9239590167999268,1.242872714996338
1.0287317037582397,1.202031135559082
1.0618560314178467,1.3045790195465088
1.0816810131072998,1.1793173551559448
0.8872689008712769,1.2485716342926025
0.8631727695465088,1.2935409545898438
0.9222515225410461,1.227981686592102
1.0437626838684082,1.2474205493927002
1.0543522834777832,1.2557041645050049
1.0082025527954102,1.1800689697265625
0.9141709804534912,1.2557801008224487
0.9226189851760864,1.208723545074463
1.00578773021698,1.1677615642547607
1.1059216260910034,1.1422010660171509
1.0643880367279053,1.1528606414794922
1.038272500038147,1.1335840225219727
1.0083420276641846,1.1669045686721802
0.9415673017501831,1.1200735569000244
1.0290632247924805,1.1172457933425903
1.0496917963027954,1.1479029655456543
1.1949851512908936,1.0534734725952148
1.0310580730438232,1.0833604335784912
1.0187101364135742,1.0803298950195312
1.0657322406768799,1.0883753299713135
1.0747451782226562,1.0684988498687744
1.0797210931777954,1.055604100227356
1.056699514389038,1.1074035167694092
1.1739863157272339,1.1075472831726074
1.063399076461792,1.1029679775238037
1.0111969709396362,1.0980417728424072
0.9696400761604309,1.0755029916763306
1.0850385427474976,1.134185791015625
1.002241849899292,1.1246495246887207
1.0805732011795044,1.2145347595214844
1.0737642049789429,1.1191320419311523
0.9858472347259521,1.1852483749389648
0.9457961320877075,1.1767874956130981
0.9418969750404358,1.1851717233657837
1.0040357112884521,1.2258553504943848
0.9630042910575867,1.1966381072998047
0.9954451322555542,1.2360050678253174
0.9791348576545715,1.2446011304855347
0.8715953230857849,1.2965114116668701
0.8479440212249756,1.2547833919525146
0.9697889685630798,1.263660192489624
0.9221880435943604,1.3266133069992065
0.918084979057312,1.2933677434921265
0.8861067891120911,1.3506039381027222
0.8033750057220459,1.3603917360305786
0.843032717704773,1.3334455490112305
0.7869146466255188,1.3411033153533936
0.8858645558357239,1.3518891334533691
0.9463012218475342,1.3117866516113281
0.9001331925392151,1.417733907699585
0.762460470199585,1.3460886478424072
0.822186291217804,1.318375587463379
0.8052687644958496,1.3001493215560913
0.8887346982955933,1.3134523630142212
0.8983668684959412,1.368896484375
0.943554699420929,1.296852946281433
0.8163604140281677,1.3759905099868774
0.7280668020248413,1.307964563369751
0.7953089475631714,1.2916533946990967
0.9074838757514954,1.3064992427825928
1.0022952556610107,1.260482907295227
0.9439982771873474,1.2572283744812012
0.8424214124679565,1.2754807472229004
0.8032175898551941,1.2737396955490112
0.8660179376602173,1.218324899673462
0.9245060086250305,1.2343032360076904
1.0493441820144653,1.1942856311798096
0.959023118019104,1.2858030796051025
0.9596391320228577,1.216914176940918
0.8654600977897644,1.2742924690246582
0.967418909072876,1.1380774974822998
0.9729622006416321,1.1717147827148438
1.0560208559036255,1.1982531547546387
1.0516142845153809,1.119807481765747
0.9741279482841492,1.2960460186004639
0.9789148569107056,1.171046257019043
0.9383549690246582,1.2400341033935547
1.0488451719284058,1.1586341857910156
1.0825189352035522,1.2061641216278076
1.0738160610198975,1.2131465673446655
1.0298371315002441,1.159015417098999
0.9958806037902832,1.1642426252365112
0.9969040751457214,1.249450445175171
0.9765602350234985,1.2291715145111084
0.9859073162078857,1.251729965209961
1.0364875793457031,1.2876880168914795
1.070820927619934,1.2374435663223267
0.9916869401931763,1.268787145614624
0.9561181664466858,1.2987418174743652
0.990867018699646,1.2701529264450073
0.9926474690437317,1.2780579328536987
0.9722743034362793,1.3002026081085205
0.9848961234092712,1.2720108032226562
1.0602612495422363,1.298433542251587
0.982586145401001,1.2668766975402832
0.9513925313949585,1.2967703342437744
0.9294848442077637,1.3502202033996582
0.9473369717597961,1.3003242015838623
0.9891226291656494,1.2794065475463867
0.9654921889305115,1.3310964107513428
0.9615472555160522,1.2714444398880005
0.8578975200653076,1.326296329498291
0.9675595760345459,1.2185640335083008
1.015462875366211,1.2786240577697754
1.012015700340271,1.2511578798294067
1.0099084377288818,1.2554900646209717
0.9501959085464478,1.1931285858154297
0.9076474905014038,1.2682571411132812
0.9351057410240173,1.2518081665039062
1.0212610960006714,1.2251229286193848
1.074341058731079,1.2107081413269043
1.042860984802246,1.2132976055145264
0.9470982551574707,1.2458949089050293
0.9084597229957581,1.2078323364257812
1.0018079280853271,1.1672322750091553
1.0587513446807861,1.120703935623169
1.075250267982483,1.206182599067688
1.1094324588775635,1.1429545879364014
1.0004538297653198,1.1539218425750732
0.9522885680198669,1.0820821523666382
0.9774079322814941,1.1512019634246826
1.0477765798568726,1.124058723449707
1.1315715312957764,1.098611831665039
1.144599437713623,1.147368311882019
0.9019511342048645,1.200965404510498
0.9443612694740295,1.1431583166122437
0.9894290566444397,1.17158842086792
1.0348403453826904,1.1305644512176514
1.0854685306549072,1.146451473236084
1.0691381692886353,1.1849020719528198
0.960641086101532,1.1896473169326782
0.8744772672653198,1.2296903133392334
0.9305458068847656,1.1750338077545166
0.9229605793952942,1.194227933883667
1.020602822303772,1.1538372039794922
1.096453070640564,1.192456603050232
0.9473223090171814,1.1652462482452393
0.878616988658905,1.22609543800354
0.9296830892562866,1.1878290176391602
0.888251543045044,1.2445224523544312
0.9436533451080322,1.2371177673339844
1.009704828262329,1.168088674545288
0.9931609630584717,1.236973762512207
0.9362304210662842,1.2407556772232056
0.9061554670333862,1.1939396858215332
0.8791950345039368,1.2356150150299072
0.9215647578239441,1.2205990552902222
0.8987473249435425,1.2412692308425903
0.9319049715995789,1.2537906169891357
0.9536100625991821,1.212693691253662
0.9278090000152588,1.246201753616333
0.8777273297309875,1.2857985496520996
0.8837867975234985,1.2143981456756592
0.816874086856842,1.2791177034378052
0.8351115584373474,1.2683700323104858
0.9216225743293762,1.2424945831298828
0.9455248713493347,1.2762272357940674
0.9841537475585938,1.2247297763824463
0.9224305152893066,1.2152405977249146
0.8771665096282959,1.2391598224639893
0.8875170946121216,1.2244676351547241
0.9258763790130615,1.2321605682373047
0.855675458908081,1.2694032192230225
0.8557593822479248,1.2737987041473389
0.8385226726531982,1.3093631267547607
0.8901461958885193,1.2367146015167236
0.8975569009780884,1.229146957397461
0.908703088760376,1.23555588722229
0.9630217552185059,1.275349497795105
