gen,disc
1.1778124570846558,1.0671837329864502
1.232251763343811,1.0821418762207031
1.1549510955810547,1.0272855758666992
1.108042597770691,0.9962005615234375
1.1430267095565796,0.9960533380508423
1.0949569940567017,1.0150537490844727
1.1708059310913086,1.0168588161468506
1.2978310585021973,0.9633565545082092
1.2515367269515991,1.022193431854248
1.2088627815246582,1.0214499235153198
1.206709623336792,1.0236353874206543
1.233691930770874,0.9583039283752441
1.092049479484558,1.0642645359039307
1.1296699047088623,1.0277366638183594
1.134178876876831,1.055616855621338
1.1672199964523315,1.075175404548645
1.2367808818817139,1.109619379043579
1.2193245887756348,1.1082626581192017
1.1492564678192139,1.062548279762268
1.1258960962295532,1.0990124940872192
1.1070582866668701,1.1694302558898926
1.11587393283844,1.0249565839767456
1.074395775794983,1.1404662132263184
1.1154148578643799,1.1678338050842285
1.1520956754684448,1.1641570329666138
1.0943506956100464,1.2051321268081665
1.0837780237197876,1.2391209602355957
1.0472221374511719,1.2629059553146362
0.9806305170059204,1.22291898727417
1.0716361999511719,1.2111761569976807
1.062768578529358,1.225909948348999
1.157271146774292,1.1778051853179932
1.0821021795272827,1.1676528453826904
1.078780174255371,1.1954728364944458
1.0624746084213257,1.2308218479156494
1.1324657201766968,1.1985361576080322
1.0441920757293701,1.1907671689987183
1.0889869928359985,1.1242640018463135
1.1698284149169922,1.0817499160766602
1.1554956436157227,1.080793857574463
1.172271728515625,1.0650017261505127
1.2905876636505127,1.0240788459777832
1.207897663116455,1.0186810493469238
1.2063391208648682,1.0231133699417114
1.2222752571105957,0.963250994682312
1.2142995595932007,0.9020048975944519
1.2680823802947998,0.9392397403717041
1.321094036102295,0.9279370903968811
1.347091555595398,0.9199287295341492
1.3876330852508545,0.9364356994628906
1.3035918474197388,0.9103710651397705
1.2309614419937134,0.956261932849884
1.2678595781326294,0.9572517275810242
1.2831255197525024,0.9732918739318848
1.2063096761703491,0.96086585521698
1.3007638454437256,1.0081629753112793
1.310835838317871,0.9797338843345642
1.2478774785995483,1.0760362148284912
1.235611081123352,1.0471460819244385
1.2004201412200928,1.0424004793167114
1.2837235927581787,1.1448684930801392
1.1976728439331055,1.1086108684539795
1.084019660949707,1.1361875534057617
0.9981096386909485,1.1445618867874146
1.137108564376831,1.0768988132476807
1.2739441394805908,1.2152581214904785
1.1809625625610352,1.1872203350067139
1.0844296216964722,1.2061489820480347
1.0007296800613403,1.191762089729309
1.0256140232086182,1.2543761730194092
1.1544302701950073,1.1943583488464355
1.0447789430618286,1.319216012954712
1.0160560607910156,1.2675703763961792
0.9914157390594482,1.3337907791137695
0.9086828827857971,1.2907981872558594
0.9500631093978882,1.3417277336120605
0.9443848729133606,1.3602344989776611
0.9157706499099731,1.3612548112869263
0.9367263317108154,1.3677419424057007
0.8770652413368225,1.4443042278289795
0.904024600982666,1.4007294178009033
0.8545359969139099,1.3986427783966064
0.8718167543411255,1.428117275238037
0.8088135719299316,1.4551753997802734
0.850843071937561,1.4618597030639648
0.8977199792861938,1.392016887664795
0.8885927796363831,1.4192063808441162
0.8440275192260742,1.4135174751281738
0.8413870930671692,1.3854501247406006
0.8903526067733765,1.3581953048706055
0.900611400604248,1.4294304847717285
0.8143151998519897,1.377868890762329
0.8870754837989807,1.3970067501068115
0.8745586276054382,1.4158499240875244
0.8825469613075256,1.4035723209381104
0.8921361565589905,1.3294851779937744
0.9089567065238953,1.292163610458374
0.9701733589172363,1.2109769582748413
0.922455370426178,1.311898946762085
0.9061146974563599,1.342649221420288
0.9302241802215576,1.2340824604034424
0.978103756904602,1.2382903099060059
0.9457088708877563,1.229513168334961
1.0647814273834229,1.2076109647750854
1.0403332710266113,1.1845149993896484
0.982578456401825,1.2387635707855225
1.0505003929138184,1.1786816120147705
1.0977087020874023,1.1042604446411133
0.9472777247428894,1.2100282907485962
1.0914838314056396,1.1432279348373413
1.0155531167984009,1.2292087078094482
1.0592617988586426,1.0846928358078003
1.0386627912521362,1.2532801628112793
1.10133695602417,1.2096108198165894
1.0390690565109253,1.1977393627166748
1.069571852684021,1.271186113357544
1.1108412742614746,1.1786023378372192
1.0653774738311768,1.1908981800079346
1.0148792266845703,1.2978291511535645
0.9888955950737,1.2296626567840576
1.0587981939315796,1.2142502069473267
1.0909950733184814,1.1606621742248535
1.0399774312973022,1.236552119255066
1.1190768480300903,1.2132441997528076
1.0501019954681396,1.295771598815918
1.0035821199417114,1.2618651390075684
1.019492506980896,1.2023265361785889
0.9915573596954346,1.276198387145996
0.9979142546653748,1.3137856721878052
1.0449672937393188,1.2311103343963623
1.0432069301605225,1.2848765850067139
1.0136390924453735,1.2587367296218872
1.0379507541656494,1.2268396615982056
1.0369386672973633,1.1720812320709229
1.0582257509231567,1.195906400680542
1.1283705234527588,1.2169264554977417
1.102820873260498,1.135030746459961
1.1393227577209473,1.1362905502319336
1.0943273305892944,1.1413402557373047
1.122215986251831,1.094361424446106
1.1328297853469849,1.0162608623504639
1.0696489810943604,1.057170033454895
1.242232322692871,1.0349074602127075
1.2687582969665527,1.0422202348709106
1.2556078433990479,0.9582446813583374
1.2086658477783203,0.9328787922859192
1.1991740465164185,0.9008880853652954
1.3560080528259277,0.8567314147949219
1.3630743026733398,0.8632446527481079
1.4472965002059937,0.8367358446121216
1.4058070182800293,0.852677047252655
1.3580892086029053,0.8732896447181702
1.4062763452529907,0.8401600122451782
1.339609980583191,0.8215823173522949
1.342679738998413,0.8254488706588745
1.400412678718567,0.8224704265594482
1.3802613019943237,0.8302053809165955
1.3616832494735718,0.8997595906257629
1.5528039932250977,0.8848875164985657
1.4033743143081665,0.8936460018157959
1.264533519744873,0.8998697400093079
1.194866418838501,0.9903614521026611
1.2644684314727783,0.9251013994216919
1.2089968919754028,0.9710887670516968
1.4034700393676758,0.9517031908035278
1.3244186639785767,1.0422528982162476
1.2945932149887085,1.0415441989898682
1.1665778160095215,1.046971082687378
1.160505771636963,0.9862117767333984
1.145071029663086,1.1178574562072754
1.1423295736312866,1.1087636947631836
1.0940932035446167,1.213393211364746
1.0769610404968262,1.2184890508651733
1.0346325635910034,1.1627815961837769
0.9993005990982056,1.1865818500518799
1.023503303527832,1.295116662979126
1.0135962963104248,1.2205864191055298
1.0322421789169312,1.2542839050292969
0.9983847141265869,1.1876434087753296
1.0463085174560547,1.2047770023345947
0.9705211520195007,1.2565796375274658
0.9455363750457764,1.2103602886199951
0.9244484901428223,1.2175413370132446
0.9742497801780701,1.27854585647583
1.0034942626953125,1.2680068016052246
0.9457658529281616,1.2970304489135742
0.9819191098213196,1.20638108253479
1.0011084079742432,1.2058689594268799
0.9763041734695435,1.198523759841919
0.9927690029144287,1.1658711433410645
0.9907021522521973,1.150519847869873
1.0172916650772095,1.1515083312988281
1.0374596118927002,1.22279691696167
1.017341136932373,1.1695657968521118
1.0714961290359497,1.163197636604309
1.0530288219451904,1.136157751083374
0.9502083659172058,1.210569977760315
1.053520679473877,1.101658582687378
0.9957307577133179,1.1512835025787354
1.0791280269622803,1.1452701091766357
1.1512172222137451,1.1683917045593262
1.1671451330184937,1.1803089380264282
1.134324073791504,1.1130121946334839
0.9887170791625977,1.2391557693481445
1.0013813972473145,1.1310211420059204
1.0741068124771118,1.0845412015914917
1.134880542755127,1.2103424072265625
1.1784594058990479,1.1896400451660156
1.157149314880371,1.1610888242721558
1.1273565292358398,1.1614930629730225
1.0973412990570068,1.2603554725646973
1.028384804725647,1.2063910961151123
1.0769944190979004,1.1506493091583252
0.9845308065414429,1.2444465160369873
1.0391253232955933,1.2255570888519287
1.0986968278884888,1.2536849975585938
1.1276775598526,1.192319631576538
1.1381349563598633,1.2915284633636475
1.049210786819458,1.1992523670196533
0.9708383679389954,1.3249690532684326
0.9118190407752991,1.3162941932678223
0.9742106199264526,1.2598515748977661
0.9818145036697388,1.3752027750015259
1.0099377632141113,1.3279287815093994
0.9926092028617859,1.33640718460083
0.9640796184539795,1.3532767295837402
0.8778887391090393,1.4189934730529785
0.9132475256919861,1.3844237327575684
0.9148885011672974,1.3880200386047363
0.9470269680023193,1.3709862232208252
0.9394165277481079,1.4472386837005615
0.9128503203392029,1.3517975807189941
0.893154501914978,1.3276677131652832
0.8402112722396851,1.4048991203308105
0.9789060950279236,1.393890619277954
