gen,disc
0.9940840005874634,1.3386578559875488
0.9460718631744385,1.2689882516860962
0.8975155353546143,1.331628441810608
0.9514868259429932,1.371739387512207
0.9677650928497314,1.259218454360962
1.0212900638580322,1.316192865371704
1.0349438190460205,1.3485124111175537
1.050469160079956,1.2724504470825195
1.0028058290481567,1.311680555343628
0.9798977971076965,1.2772438526153564
0.9542262554168701,1.3223633766174316
0.9158564805984497,1.3205695152282715
0.9667642116546631,1.2758371829986572
1.0177425146102905,1.2386846542358398
1.0721873044967651,1.3319685459136963
1.109525203704834,1.3047568798065186
1.023606300354004,1.2889513969421387
1.0462433099746704,1.2061724662780762
1.0340698957443237,1.2579405307769775
1.0231823921203613,1.2231943607330322
1.0337228775024414,1.1947832107543945
1.1296460628509521,1.216167688369751
1.1130220890045166,1.23183274269104
1.0974493026733398,1.3089979887008667
1.0975874662399292,1.2989591360092163
0.9834964275360107,1.2307472229003906
0.9746418595314026,1.2929234504699707
0.976830780506134,1.25841224193573
1.0628777742385864,1.3023130893707275
1.1245173215866089,1.326600432395935
1.0903606414794922,1.3452696800231934
0.9275479316711426,1.3456432819366455
0.9135684967041016,1.2950146198272705
0.826762855052948,1.3491365909576416
0.9471991062164307,1.476370096206665
0.9773602485656738,1.474989414215088
1.0052006244659424,1.5516963005065918
0.8666988611221313,1.538646936416626
0.7658559083938599,1.5447051525115967
0.8073772192001343,1.6222015619277954
0.7255122065544128,1.7039732933044434
0.666274905204773,1.802645206451416
0.6896865963935852,1.7262678146362305
0.7122190594673157,1.7319657802581787
0.7017959356307983,1.812788486480713
0.7107918858528137,1.8104442358016968
0.6298141479492188,1.7692885398864746
0.651964008808136,1.8038808107376099
0.6240770220756531,1.8282740116119385
0.6247455477714539,1.8441827297210693
0.6204429268836975,1.7378969192504883
0.6167832016944885,1.688422679901123
0.6180304884910583,1.6500766277313232
0.661016583442688,1.6582003831863403
0.6643816232681274,1.6761233806610107
0.668965756893158,1.5682733058929443
0.6755354404449463,1.5943701267242432
0.687296986579895,1.4708287715911865
0.6641029119491577,1.4626102447509766
0.7048224210739136,1.406482458114624
0.7526111006736755,1.3347444534301758
0.7856706380844116,1.2776246070861816
0.850288987159729,1.1999123096466064
0.8876203298568726,1.1274559497833252
0.9096686244010925,1.0732849836349487
0.9698458909988403,1.0849419832229614
1.0047922134399414,1.0059857368469238
1.0256462097167969,0.953025221824646
1.1790964603424072,0.928573727607727
1.159830927848816,0.8953331708908081
1.1491894721984863,0.8657893538475037
1.2249584197998047,0.8420965671539307
1.2997980117797852,0.7803782224655151
1.3014099597930908,0.7879810333251953
1.3678925037384033,0.7274066805839539
1.4045331478118896,0.7196633219718933
1.421905517578125,0.7185619473457336
1.4352630376815796,0.7698572874069214
1.4977277517318726,0.7070727944374084
1.5301640033721924,0.7240195274353027
1.4595284461975098,0.796749472618103
1.4833900928497314,0.7408124208450317
1.4613773822784424,0.7082338333129883
1.4696120023727417,0.732732892036438
1.4351683855056763,0.7744186520576477
1.373382329940796,0.7938234806060791
1.3493868112564087,0.8028864860534668
1.3604236841201782,0.8043276071548462
1.4083420038223267,0.8482558727264404
1.3735636472702026,0.830876350402832
1.3904048204421997,0.894062876701355
1.3347628116607666,0.8434031009674072
1.4081509113311768,0.8946772217750549
1.3476029634475708,0.9055628776550293
1.300058364868164,0.9184051156044006
1.252522349357605,1.0408726930618286
1.195992350578308,1.0039610862731934
1.220550775527954,1.015748381614685
1.2220263481140137,1.1378710269927979
1.2107417583465576,1.0816798210144043
1.1345616579055786,1.0569522380828857
1.155220866203308,1.0129129886627197
1.1818493604660034,1.0198862552642822
1.1924916505813599,1.1633517742156982
1.2190890312194824,0.9857428073883057
1.2760690450668335,1.0366089344024658
1.2564988136291504,1.0277241468429565
1.1735954284667969,0.9939749240875244
1.1543359756469727,1.0281648635864258
1.1731849908828735,1.0072698593139648
1.1091445684432983,1.07158625125885
1.1347107887268066,0.9710122346878052
1.2010353803634644,1.0237699747085571
1.1654200553894043,0.9621013402938843
1.2538319826126099,0.9890029430389404
1.286860704421997,0.9490440487861633
1.281263828277588,0.9795657396316528
1.2376978397369385,0.9327523708343506
1.2038077116012573,0.9115735292434692
1.2151175737380981,0.9010435938835144
1.2228444814682007,0.9662618637084961
1.226976752281189,0.9125099182128906
1.2384836673736572,0.8663952350616455
1.287475824356079,0.8035672903060913
1.2897580862045288,0.8293143510818481
1.3108716011047363,0.8255983591079712
1.3613909482955933,0.8542230129241943
1.3515499830245972,0.8149350881576538
1.3421337604522705,0.8272193074226379
1.3394761085510254,0.7818776965141296
1.3135877847671509,0.7719337940216064
1.3720203638076782,0.7508445978164673
1.3177917003631592,0.8329991698265076
1.312196135520935,0.8134473562240601
1.3090741634368896,0.8492223024368286
1.3791232109069824,0.7648841142654419
1.3297559022903442,0.8193743228912354
1.3107826709747314,0.8102078437805176
1.2086634635925293,0.9005560874938965
1.2607216835021973,0.832490086555481
1.287278652191162,0.9119192957878113
1.2486634254455566,0.9422169923782349
1.2326009273529053,0.9183063507080078
1.2407995462417603,0.9868055582046509
1.1889746189117432,0.9477860927581787
1.168514609336853,1.0221118927001953
1.1911476850509644,0.9778894186019897
1.0844526290893555,1.1332980394363403
1.0545318126678467,1.0780396461486816
1.0268269777297974,1.2203278541564941
1.000124454498291,1.1656845808029175
0.8770857453346252,1.2644503116607666
0.9511446356773376,1.249683141708374
1.0084842443466187,1.322740077972412
0.9300855398178101,1.3698391914367676
0.8280935883522034,1.4472856521606445
0.8200439810752869,1.392773151397705
0.8103915452957153,1.3967955112457275
0.7765669226646423,1.4995331764221191
0.8377993702888489,1.6076743602752686
0.771060585975647,1.565460205078125
0.8038691878318787,1.6371235847473145
0.6743632555007935,1.5723135471343994
0.6398391723632812,1.56109619140625
0.6948442459106445,1.5191941261291504
0.7043957114219666,1.6026451587677002
0.7516822218894958,1.5748825073242188
0.8412556648254395,1.4656498432159424
0.8197533488273621,1.523759126663208
0.7690827250480652,1.487276315689087
0.766612708568573,1.4327771663665771
0.7184159159660339,1.4693000316619873
0.6933809518814087,1.499840259552002
0.6809144616127014,1.433605432510376
0.7644176483154297,1.3464279174804688
0.8493172526359558,1.294034481048584
0.8615609407424927,1.273709774017334
0.8812403678894043,1.2682148218154907
1.0089143514633179,1.1355254650115967
0.9747101068496704,1.1392844915390015
0.9669970273971558,1.1058709621429443
0.9368201494216919,1.0599561929702759
0.9998352527618408,1.037661075592041
1.0354571342468262,1.0340462923049927
1.0354509353637695,1.024647831916809
1.1393647193908691,0.9344509840011597
1.1588598489761353,0.9628019332885742
1.187516212463379,0.9538834691047668
1.201403021812439,0.920771598815918
1.1858614683151245,0.88862544298172
1.1807247400283813,0.9647842049598694
1.2402806282043457,0.9213874340057373
1.1869449615478516,0.9664316773414612
1.2199325561523438,0.9924147725105286
1.2022894620895386,0.9218077659606934
1.1930129528045654,1.0259015560150146
1.171718716621399,1.0145289897918701
1.1633518934249878,1.0097005367279053
1.152015209197998,1.0521939992904663
1.169884204864502,1.0416656732559204
1.1917186975479126,1.098761796951294
1.1551305055618286,1.1299965381622314
1.1219947338104248,1.1439497470855713
1.1092743873596191,1.1380615234375
1.013390064239502,1.1333861351013184
1.0167808532714844,1.2036551237106323
1.0553503036499023,1.2958009243011475
1.077248454093933,1.2724287509918213
1.045702338218689,1.3300983905792236
0.9768099188804626,1.3381216526031494
0.9203702211380005,1.3581953048706055
0.863063633441925,1.439408540725708
0.9768499135971069,1.2756376266479492
1.008561134338379,1.497135877609253
1.0420451164245605,1.3933215141296387
1.0182785987854004,1.421061396598816
0.9080157279968262,1.3897640705108643
0.8810462951660156,1.3945624828338623
0.9203255772590637,1.364919662475586
0.947019100189209,1.3518140316009521
1.0098965167999268,1.301640510559082
0.9674211740493774,1.3477206230163574
0.9941496849060059,1.249523639678955
0.989784836769104,1.3230500221252441
0.9429287314414978,1.3823426961898804
0.939383327960968,1.2565908432006836
0.9830538034439087,1.2633569240570068
1.0101977586746216,1.2119754552841187
1.0976475477218628,1.148578405380249
1.060344934463501,1.1755707263946533
1.0770130157470703,1.0990355014801025
1.0579060316085815,1.1352062225341797
1.1289769411087036,1.0294233560562134
1.0717782974243164,1.0945956707000732
1.063220500946045,0.9718793630599976
