gen,disc
1.0416330099105835,1.1663533449172974
1.0142914056777954,1.1777586936950684
1.0060312747955322,1.1610513925552368
0.9763957858085632,1.1741160154342651
1.0305519104003906,1.1887555122375488
0.9927774667739868,1.1758778095245361
1.039922833442688,1.1853435039520264
0.9536144137382507,1.1665518283843994
0.9768776893615723,1.1392951011657715
1.017578363418579,1.1366782188415527
1.0723413228988647,1.0996079444885254
1.083066701889038,1.1313549280166626
1.024488925933838,1.1705894470214844
0.9913740754127502,1.152181625366211
0.9549083709716797,1.1684353351593018
1.0054906606674194,1.0909709930419922
1.049859642982483,1.1078903675079346
1.062210202217102,1.1557693481445312
1.183862328529358,1.1128394603729248
1.102668046951294,1.0860214233398438
0.9669866561889648,1.1356453895568848
0.9174432158470154,1.1515741348266602
0.9681434631347656,1.179347276687622
1.028913974761963,1.1224639415740967
1.0711838006973267,1.1600444316864014
1.0593985319137573,1.1182397603988647
0.9811864495277405,1.1898140907287598
0.9909802079200745,1.1619603633880615
0.9830243587493896,1.0969047546386719
1.0232956409454346,1.155606746673584
1.017924427986145,1.198926568031311
1.0071184635162354,1.1872587203979492
0.9423376321792603,1.175418734550476
0.9473258852958679,1.1428461074829102
0.9885112643241882,1.132814884185791
1.0914772748947144,1.1340489387512207
1.0378440618515015,1.176476001739502
1.0316107273101807,1.2036306858062744
0.9637886881828308,1.2216441631317139
0.9187760353088379,1.217973232269287
0.8894709348678589,1.2215304374694824
0.9017468690872192,1.1859796047210693
0.9472647309303284,1.237499713897705
1.0546822547912598,1.2356030941009521
1.0272494554519653,1.2238245010375977
0.9261840581893921,1.3040742874145508
0.8178830146789551,1.296003818511963
0.8024447560310364,1.3030710220336914
0.8034087419509888,1.2938114404678345
0.969279944896698,1.2834827899932861
0.9743923544883728,1.310823917388916
0.965591311454773,1.2755544185638428
0.8814688324928284,1.2745764255523682
0.8221530914306641,1.3413888216018677
0.8442325592041016,1.2490613460540771
0.8588082194328308,1.320483922958374
0.9363660216331482,1.3077800273895264
0.9791024327278137,1.311693787574768
0.9018665552139282,1.3026366233825684
0.8594005107879639,1.2952910661697388
0.8561275601387024,1.2613452672958374
0.8829653859138489,1.219113826751709
0.8350925445556641,1.3244848251342773
0.9314187169075012,1.3145335912704468
0.9680225849151611,1.3198931217193604
0.9372439384460449,1.239988923072815
0.9020016193389893,1.2585383653640747
0.8786378502845764,1.2764619588851929
0.8034356236457825,1.283611536026001
0.8772526383399963,1.2556244134902954
0.9699827432632446,1.2598870992660522
1.0225207805633545,1.199235200881958
1.0288453102111816,1.236677646636963
0.945669412612915,1.187502384185791
0.8956798315048218,1.2552926540374756
0.8619952201843262,1.2488503456115723
0.9520874619483948,1.226641297340393
0.945772647857666,1.2008819580078125
1.0371181964874268,1.1686433553695679
1.1059589385986328,1.1915643215179443
1.0876474380493164,1.149828553199768
1.0578402280807495,1.1822688579559326
0.9097828269004822,1.1889126300811768
0.88262540102005,1.1766027212142944
1.008805751800537,1.204606294631958
1.0990979671478271,1.2561653852462769
1.153388500213623,1.1619144678115845
1.0730268955230713,1.2235405445098877
0.9730849266052246,1.2748243808746338
0.979096531867981,1.1700706481933594
0.960941731929779,1.249527096748352
1.0299330949783325,1.1663990020751953
1.008901596069336,1.2086341381072998
1.1841061115264893,1.1718074083328247
1.0923376083374023,1.2119760513305664
0.9842543601989746,1.2101963758468628
0.8903807401657104,1.2349553108215332
0.9462626576423645,1.2557241916656494
1.0195454359054565,1.2083441019058228
1.1078593730926514,1.1837916374206543
1.1459976434707642,1.1893668174743652
1.082628846168518,1.2258360385894775
0.979791522026062,1.143763780593872
1.0242365598678589,1.1198675632476807
0.9988776445388794,1.1971032619476318
1.1206996440887451,1.1036741733551025
1.1501094102859497,1.1470812559127808
1.0716967582702637,1.152167797088623
1.0449519157409668,1.0618064403533936
1.0195086002349854,1.1093780994415283
1.0615168809890747,1.1276395320892334
1.1323671340942383,1.1321523189544678
1.1172226667404175,1.1531554460525513
1.1053828001022339,1.08222234249115
0.9650384187698364,1.1286916732788086
1.0114611387252808,1.1478841304779053
1.130828857421875,1.1030654907226562
1.1895397901535034,1.1110622882843018
1.0356640815734863,1.1604729890823364
1.0421476364135742,1.1622140407562256
0.9596203565597534,1.2135030031204224
0.9995819330215454,1.186915636062622
1.0653773546218872,1.2121772766113281
1.0249654054641724,1.1788156032562256
1.029692530632019,1.1391900777816772
0.9893617630004883,1.213843584060669
0.9694041013717651,1.1998467445373535
1.025767207145691,1.2191176414489746
0.9712925553321838,1.2585914134979248
0.9736229777336121,1.1903347969055176
0.8980823159217834,1.215466022491455
0.9304765462875366,1.2733359336853027
0.9067293405532837,1.2625014781951904
0.9863502979278564,1.322441577911377
0.8619725704193115,1.3074402809143066
0.8841723799705505,1.3199543952941895
0.8593981862068176,1.2951699495315552
0.8586627244949341,1.204209804534912
0.8957183361053467,1.259973406791687
0.992643415927887,1.227150559425354
0.9745741486549377,1.297426700592041
0.9424701929092407,1.2446248531341553
0.8387426137924194,1.2257168292999268
0.885852038860321,1.2364894151687622
0.907564640045166,1.2904324531555176
0.9277473092079163,1.2586796283721924
0.9373286366462708,1.278531789779663
0.956108033657074,1.2759767770767212
0.9633793830871582,1.2350540161132812
0.9047155380249023,1.2175095081329346
0.9824179410934448,1.1767064332962036
1.0100855827331543,1.2105436325073242
0.868484616279602,1.2556676864624023
1.0480995178222656,1.1921429634094238
0.984546422958374,1.2049474716186523
1.0786724090576172,1.1860847473144531
1.0055961608886719,1.1742262840270996
0.9884178638458252,1.215631127357483
0.9849752187728882,1.1412043571472168
1.0085303783416748,1.1946039199829102
1.016241192817688,1.2059952020645142
1.0429743528366089,1.2165272235870361
1.0767728090286255,1.1320455074310303
1.0455180406570435,1.2096648216247559
1.0687534809112549,1.1642329692840576
0.96278315782547,1.2099354267120361
1.0090265274047852,1.196911096572876
1.1067172288894653,1.1661584377288818
1.0048751831054688,1.1769442558288574
1.000517725944519,1.2243430614471436
1.0619447231292725,1.1954022645950317
1.0276827812194824,1.1591541767120361
1.0482149124145508,1.2296661138534546
1.0458004474639893,1.1903897523880005
0.9674142003059387,1.2051571607589722
0.9520416259765625,1.2372901439666748
0.9951848983764648,1.1909780502319336
1.0465354919433594,1.271970272064209
1.0220929384231567,1.2664622068405151
0.9765470623970032,1.222036600112915
0.9421908259391785,1.2216752767562866
0.9163479208946228,1.2884818315505981
0.9141120910644531,1.2817268371582031
0.9921770095825195,1.2737586498260498
0.9597529172897339,1.3225786685943604
0.9628515243530273,1.3123736381530762
0.9709894061088562,1.2766902446746826
0.9430519342422485,1.2554805278778076
0.907680869102478,1.250268816947937
0.9121947288513184,1.3303667306900024
0.9187155365943909,1.2862966060638428
1.005603313446045,1.2289388179779053
0.9301813840866089,1.2789114713668823
1.0465569496154785,1.2411243915557861
0.9808152914047241,1.2595908641815186
0.9746164679527283,1.259243369102478
0.9379441738128662,1.1888771057128906
0.9243560433387756,1.2437081336975098
0.9179610013961792,1.2173972129821777
1.0295608043670654,1.2702393531799316
1.0372402667999268,1.2362844944000244
0.9715492725372314,1.197405457496643
0.9475873112678528,1.1975529193878174
0.9834824204444885,1.2198636531829834
0.9913987517356873,1.2386553287506104
0.9295281767845154,1.2127859592437744
0.9583933353424072,1.2280828952789307
0.9451940655708313,1.228073000907898
0.9655225276947021,1.2371877431869507
0.9839542508125305,1.2183958292007446
0.8926283717155457,1.2320220470428467
0.9241216778755188,1.2669271230697632
0.9454845786094666,1.287769079208374
0.9824458956718445,1.2184181213378906
1.0147287845611572,1.2298450469970703
0.9473059177398682,1.2129254341125488
0.960155725479126,1.211554765701294
0.8708075284957886,1.311094045639038
0.9526172280311584,1.1892476081848145
1.0024750232696533,1.2503023147583008
0.9332801103591919,1.2861145734786987
0.9294362664222717,1.245584487915039
0.8650479912757874,1.2767409086227417
0.8764040470123291,1.2717483043670654
0.886565089225769,1.234303593635559
0.9617726802825928,1.2549644708633423
0.9783170819282532,1.2944077253341675
0.9521313905715942,1.2996454238891602
0.8647912740707397,1.3158149719238281
0.7888815999031067,1.2716107368469238
0.8063639998435974,1.2849183082580566
0.9444666504859924,1.2636263370513916
0.9576495289802551,1.3138606548309326
0.9318898320198059,1.3026843070983887
0.959880530834198,1.2661290168762207
