gen,disc
0.9706037044525146,1.2091455459594727
0.8482125401496887,1.225766897201538
0.8560819625854492,1.2121896743774414
0.8624478578567505,1.2102200984954834
0.9337097406387329,1.1821718215942383
0.9682645797729492,1.2188788652420044
0.9705837368965149,1.214956521987915
0.9465430974960327,1.1637496948242188
0.9544761180877686,1.214437484741211
0.966528058052063,1.1005744934082031
0.9428102970123291,1.1716173887252808
0.9727686643600464,1.1561143398284912
1.0309919118881226,1.147081732749939
1.0969070196151733,1.1100471019744873
0.9935322999954224,1.1647799015045166
1.0267508029937744,1.1440109014511108
0.9358404874801636,1.1739795207977295
0.9516836404800415,1.1636180877685547
1.0001835823059082,1.1924030780792236
1.0700129270553589,1.1365625858306885
1.0846245288848877,1.113518238067627
1.0667805671691895,1.179640293121338
1.0877169370651245,1.0812866687774658
1.0193045139312744,1.181626558303833
0.9707512855529785,1.1843054294586182
1.0069302320480347,1.182178020477295
1.0407471656799316,1.1545839309692383
1.004303216934204,1.1804020404815674
1.1168986558914185,1.1342482566833496
1.0724613666534424,1.1834654808044434
0.9940978288650513,1.2308123111724854
0.9656651616096497,1.2047417163848877
0.9353111982345581,1.2488429546356201
1.0280447006225586,1.166252613067627
1.0647560358047485,1.1916618347167969
1.1142383813858032,1.1210381984710693
1.0145431756973267,1.1893131732940674
0.9647509455680847,1.242030143737793
0.9451953172683716,1.1530948877334595
1.0656406879425049,1.2530262470245361
1.0719469785690308,1.1623592376708984
1.0197595357894897,1.2358297109603882
1.0451360940933228,1.1606074571609497
0.9764612317085266,1.20278000831604
0.9762990474700928,1.1485087871551514
1.1063597202301025,1.1344029903411865
1.052255392074585,1.1920344829559326
1.073106050491333,1.2088308334350586
0.9422268271446228,1.2334626913070679
0.8369607329368591,1.299119234085083
0.9835707545280457,1.2107754945755005
0.9854276180267334,1.3116041421890259
1.0301308631896973,1.2389194965362549
0.9468591213226318,1.2338972091674805
0.907242476940155,1.304640293121338
0.8805738091468811,1.2472031116485596
0.9043834209442139,1.23276948928833
0.9381470680236816,1.3497158288955688
0.9749330878257751,1.3198723793029785
0.9264847636222839,1.3015812635421753
0.8344667553901672,1.3371899127960205
0.8331779837608337,1.3131921291351318
0.8529479503631592,1.3509159088134766
0.915361762046814,1.336719274520874
0.9304067492485046,1.4133819341659546
0.8585821390151978,1.2698798179626465
0.7823064923286438,1.36649489402771
0.7936015725135803,1.3338842391967773
0.7930923700332642,1.3888657093048096
0.8660131692886353,1.3876681327819824
0.94069504737854,1.3900742530822754
0.8322104811668396,1.3706541061401367
0.7488834261894226,1.372072458267212
0.761195719242096,1.3249131441116333
0.7905157804489136,1.319690465927124
0.8511692881584167,1.3247089385986328
0.8951561450958252,1.3163208961486816
0.8942118883132935,1.3630609512329102
0.8699531555175781,1.3495497703552246
0.8120859861373901,1.2583128213882446
0.7732957601547241,1.3245354890823364
0.8825140595436096,1.2032021284103394
0.8763899803161621,1.2457839250564575
0.9575501680374146,1.2196781635284424
0.960270881652832,1.194608211517334
1.0042470693588257,1.1772719621658325
0.8936559557914734,1.2415947914123535
0.9211006164550781,1.2044166326522827
0.8915043473243713,1.1491312980651855
0.9117181897163391,1.145029902458191
1.0760618448257446,1.0819159746170044
1.1064531803131104,1.143259048461914
1.1005228757858276,1.1604976654052734
0.9528643488883972,1.1845674514770508
0.9907312393188477,1.1622586250305176
0.971833348274231,1.1386268138885498
1.0004104375839233,1.1276836395263672
1.0900709629058838,1.1492063999176025
1.0853562355041504,1.1669800281524658
1.0965335369110107,1.2077107429504395
1.1011435985565186,1.1517212390899658
0.9393721222877502,1.1799142360687256
0.9903241991996765,1.1945629119873047
1.0625946521759033,1.2136688232421875
1.0369007587432861,1.2553253173828125
0.9741913676261902,1.2073771953582764
1.020788311958313,1.2990460395812988
1.023747444152832,1.245802879333496
0.982576847076416,1.218632698059082
0.9513654112815857,1.2776851654052734
0.9963111281394958,1.243544578552246
1.0115206241607666,1.2276954650878906
1.0701464414596558,1.149472713470459
1.0376642942428589,1.1891758441925049
1.070259690284729,1.1657503843307495
1.1099647283554077,1.147192120552063
1.0644702911376953,1.1112561225891113
1.066335678100586,1.0896103382110596
1.1616106033325195,1.0086865425109863
1.1693252325057983,1.0213528871536255
1.2363322973251343,1.0730699300765991
1.1491018533706665,1.0483393669128418
1.1343936920166016,1.022026538848877
1.133002519607544,1.0048048496246338
1.1173537969589233,0.9977205991744995
1.235166072845459,1.0226846933364868
1.2204315662384033,0.9765595197677612
1.3020929098129272,1.0615440607070923
1.186461329460144,1.1470637321472168
1.0799872875213623,1.0795543193817139
1.0080854892730713,1.1127442121505737
0.9982948303222656,1.2177808284759521
1.1862156391143799,1.173041820526123
1.1406575441360474,1.2304607629776
1.0615991353988647,1.198099970817566
1.0062355995178223,1.2346113920211792
0.9510208368301392,1.2405290603637695
0.9781322479248047,1.2386564016342163
0.976143479347229,1.2752841711044312
1.0033748149871826,1.3148047924041748
0.8742694854736328,1.3921878337860107
0.9443346261978149,1.2236398458480835
0.9356531500816345,1.3253344297409058
0.9326618909835815,1.3377389907836914
0.8269357085227966,1.3783953189849854
0.8190987706184387,1.3963834047317505
0.8213566541671753,1.3077452182769775
0.8205597400665283,1.423271656036377
0.7775474786758423,1.3890327215194702
0.8453606367111206,1.3510898351669312
0.8063443303108215,1.3311246633529663
0.8634920120239258,1.3806108236312866
0.816409170627594,1.35812509059906
0.8422511219978333,1.2685050964355469
0.8803643584251404,1.2535920143127441
0.8772051334381104,1.2389135360717773
0.9011015295982361,1.216614007949829
0.957807183265686,1.2007602453231812
0.9850841760635376,1.2188189029693604
1.0077680349349976,1.166006088256836
0.9925731420516968,1.1904571056365967
0.92691570520401,1.192300796508789
0.9925993084907532,1.1356321573257446
1.0321083068847656,1.1654398441314697
1.1148146390914917,1.1323598623275757
1.090615153312683,1.1549850702285767
1.1019988059997559,1.1873247623443604
1.079622745513916,1.1546657085418701
1.086269497871399,1.1311715841293335
1.0844603776931763,1.1334326267242432
1.173243761062622,1.1778652667999268
1.0960931777954102,1.2146509885787964
1.0787591934204102,1.1881449222564697
1.0959521532058716,1.269662857055664
0.9878172278404236,1.3440754413604736
0.9304541945457458,1.3609049320220947
1.0082670450210571,1.322192907333374
1.0172312259674072,1.383212924003601
1.0085415840148926,1.3450602293014526
1.0116918087005615,1.3268320560455322
0.9794975519180298,1.485365390777588
0.893062174320221,1.4008257389068604
0.9191497564315796,1.395585060119629
0.911545991897583,1.4504063129425049
0.901460587978363,1.4910192489624023
0.9604806900024414,1.3957712650299072
0.9367735981941223,1.454479455947876
0.9591083526611328,1.4168405532836914
0.9510486125946045,1.3552955389022827
0.957965075969696,1.3534598350524902
0.9625135660171509,1.3132126331329346
0.97931307554245,1.2644894123077393
1.0066224336624146,1.2017585039138794
1.070475697517395,1.1434762477874756
1.1000220775604248,1.117484211921692
1.112726092338562,1.1258608102798462
1.1032016277313232,1.0528490543365479
1.1540756225585938,1.0181955099105835
1.1774433851242065,0.9768280386924744
1.2157407999038696,0.9963595867156982
1.1951103210449219,0.9680222272872925
1.1915709972381592,0.9753950834274292
1.1750750541687012,0.8920886516571045
1.2296721935272217,0.9876953363418579
1.2244622707366943,0.9326313734054565
1.1962509155273438,0.9281624555587769
1.1495087146759033,0.999435544013977
1.252346158027649,0.9966728687286377
1.1687216758728027,1.0525121688842773
1.168717861175537,1.073110818862915
1.0610337257385254,1.130490779876709
1.0966620445251465,1.1238036155700684
1.1031386852264404,1.2291392087936401
1.1287527084350586,1.1452630758285522
1.0977287292480469,1.2013336420059204
0.984741747379303,1.275804042816162
1.0262465476989746,1.2794005870819092
0.9476324319839478,1.352972388267517
0.8850617408752441,1.3221805095672607
0.9166405200958252,1.4141414165496826
0.8529713749885559,1.3912161588668823
0.9399306774139404,1.4182016849517822
0.8051097989082336,1.4845925569534302
0.757701575756073,1.4533801078796387
0.8386431336402893,1.504830002784729
0.7773082256317139,1.4038543701171875
0.8259430527687073,1.4456721544265747
0.7433071732521057,1.4291958808898926
0.8145246505737305,1.4579849243164062
0.8394336700439453,1.450471043586731
0.8337823152542114,1.3746938705444336
0.7856261730194092,1.3694710731506348
0.7271592617034912,1.397277593612671
0.7754555940628052,1.3825563192367554
0.8507816791534424,1.2635903358459473
