gen,disc
1.0996803045272827,1.1429786682128906
1.1690707206726074,1.0656481981277466
0.9907791614532471,1.1814994812011719
1.0354477167129517,1.1408977508544922
1.0608323812484741,1.1884279251098633
1.1583656072616577,1.1454808712005615
1.1351386308670044,1.0981457233428955
1.0303053855895996,1.0581709146499634
1.1013139486312866,1.0968103408813477
1.159073829650879,1.048108696937561
1.208592176437378,1.054221749305725
1.0798193216323853,1.1056886911392212
1.132237195968628,1.0320279598236084
1.1597998142242432,1.0205045938491821
1.185379981994629,1.030958890914917
1.1150176525115967,1.0210249423980713
1.1129627227783203,1.0600450038909912
1.138702630996704,1.0280512571334839
1.286618709564209,0.9854686260223389
1.151505470275879,1.034317970275879
1.1437181234359741,1.0342247486114502
1.1165220737457275,0.9747514128684998
1.1256932020187378,1.0204997062683105
1.2306016683578491,1.009347915649414
1.2673810720443726,0.9792059659957886
1.2231251001358032,0.9778271913528442
1.188720941543579,0.9457563757896423
1.156651496887207,1.016741156578064
1.2052806615829468,1.0018117427825928
1.2942384481430054,0.8978487253189087
1.2119280099868774,0.9751391410827637
1.1850875616073608,0.9857025146484375
1.1698150634765625,0.9756977558135986
1.2085809707641602,1.00849449634552
1.223548412322998,0.9432603120803833
1.3729442358016968,0.9321268796920776
1.1236525774002075,0.9382659196853638
1.3331234455108643,0.9152333736419678
1.349745750427246,0.9249467849731445
1.2078512907028198,0.8963086009025574
1.2284770011901855,0.9407441020011902
1.3049684762954712,0.9508435726165771
1.4051399230957031,0.9261171817779541
1.2826085090637207,0.9278536438941956
1.2315908670425415,0.8936804533004761
1.2425658702850342,0.8809751272201538
1.37286376953125,0.9195709824562073
1.516892671585083,0.881299614906311
1.338559865951538,0.861897349357605
1.2284519672393799,0.8708637952804565
1.2245006561279297,0.8690435290336609
1.4498369693756104,0.8956571817398071
1.4409359693527222,0.8857734203338623
1.4912344217300415,0.881531298160553
1.4020973443984985,0.7897478342056274
1.4117021560668945,0.8560675382614136
1.3196637630462646,0.8296854496002197
1.498247742652893,0.797249436378479
1.4992276430130005,0.8309153914451599
1.4452521800994873,0.8259480595588684
1.4873287677764893,0.8298039436340332
1.4906623363494873,0.7757441997528076
1.3999969959259033,0.836484432220459
1.535425066947937,0.814883828163147
1.4989839792251587,0.8424623012542725
1.4279121160507202,0.897148847579956
1.3766347169876099,0.834297776222229
1.4688893556594849,0.7980796694755554
1.5684571266174316,0.8220326900482178
1.6021361351013184,0.8862743377685547
1.3965544700622559,0.8365588188171387
1.2754443883895874,0.8518314957618713
1.2893446683883667,0.8655121326446533
1.5290024280548096,0.860812783241272
1.7188979387283325,0.9084749817848206
1.4901436567306519,0.9491595029830933
1.2169445753097534,0.9573670625686646
1.1688811779022217,0.971541166305542
1.1997606754302979,0.9441648721694946
1.4036444425582886,0.9821820259094238
1.59950852394104,1.0184080600738525
1.319865107536316,0.996336817741394
1.0822117328643799,1.0037603378295898
1.1956369876861572,0.9701557159423828
1.317841649055481,0.9888953566551208
1.4074504375457764,0.9847761988639832
1.2928123474121094,1.0920547246932983
1.1096570491790771,1.0497630834579468
1.2076163291931152,1.0295279026031494
1.1630723476409912,1.1213161945343018
1.1353797912597656,1.0843188762664795
1.138441801071167,1.11356782913208
1.1026899814605713,1.1658811569213867
1.1102759838104248,1.2144957780838013
1.027957558631897,1.164197564125061
1.1433197259902954,1.1662791967391968
1.0589390993118286,1.1747488975524902
1.2104222774505615,1.2516365051269531
1.1224414110183716,1.2497849464416504
1.1024250984191895,1.2366665601730347
0.9332630038261414,1.2798511981964111
0.920174777507782,1.3662512302398682
1.0027179718017578,1.2153456211090088
1.0941590070724487,1.2660818099975586
1.1125684976577759,1.3554579019546509
1.1029199361801147,1.34232759475708
1.0068316459655762,1.234058141708374
0.9730315208435059,1.287102222442627
0.9389002323150635,1.3360958099365234
1.013253092765808,1.2950153350830078
1.020700216293335,1.360092043876648
1.1644866466522217,1.273496150970459
1.0986368656158447,1.3794273138046265
0.9189420342445374,1.3175657987594604
0.9617639780044556,1.3495638370513916
0.9952958822250366,1.3048912286758423
1.031807780265808,1.2593320608139038
1.0904871225357056,1.2282471656799316
1.13273286819458,1.270242691040039
1.1722056865692139,1.1210278272628784
1.1154718399047852,1.1500463485717773
1.0038425922393799,1.1927387714385986
1.0927647352218628,1.1507444381713867
1.1242117881774902,1.089841604232788
1.159050464630127,1.1630629301071167
1.1708292961120605,1.1095936298370361
1.144242763519287,1.0592824220657349
1.1581611633300781,1.0533900260925293
1.0460522174835205,1.0796880722045898
1.0866590738296509,1.0853861570358276
1.210921049118042,1.0709480047225952
1.2779273986816406,1.0002105236053467
1.2547663450241089,1.0538697242736816
1.1428759098052979,1.0622942447662354
1.1450940370559692,1.0650032758712769
1.1215705871582031,1.0018229484558105
1.0938003063201904,1.0195415019989014
1.2033588886260986,1.0285730361938477
1.1941611766815186,0.9525856971740723
1.3146283626556396,1.0346616506576538
1.3452876806259155,0.9644021391868591
1.2981868982315063,0.9668830037117004
1.104651927947998,1.0468193292617798
1.1605801582336426,0.9182676076889038
1.0879846811294556,1.0118801593780518
1.235872507095337,0.9610861539840698
1.3124456405639648,0.9227259755134583
1.3623592853546143,1.0492713451385498
1.2223846912384033,0.9496036171913147
1.1522035598754883,1.0324406623840332
1.120280146598816,0.9495953321456909
1.1518458127975464,0.9001233577728271
1.2185999155044556,0.9825504422187805
1.316127896308899,0.9948338270187378
1.3912526369094849,0.9575575590133667
1.241199016571045,0.9784590601921082
1.064919114112854,1.0498216152191162
1.0366770029067993,1.011346697807312
1.0777819156646729,1.0584053993225098
1.2550058364868164,1.0244989395141602
1.3227213621139526,1.0055224895477295
1.273007869720459,1.00260329246521
1.1643891334533691,1.0228490829467773
1.061659574508667,1.0538890361785889
1.0671378374099731,1.0707602500915527
1.15135657787323,1.0213823318481445
1.1986780166625977,1.0264896154403687
1.2098873853683472,1.0414063930511475
1.2581424713134766,1.0388081073760986
1.2729096412658691,1.0704951286315918
1.092244267463684,1.039055347442627
1.0387260913848877,1.0659536123275757
1.0586235523223877,1.0615429878234863
1.1468933820724487,1.0780220031738281
1.2321977615356445,1.0245327949523926
1.2204031944274902,1.1442400217056274
1.1659460067749023,1.0630717277526855
1.082665205001831,1.0783542394638062
1.0338109731674194,1.0907121896743774
1.0317894220352173,1.1463948488235474
1.1324158906936646,1.0868734121322632
1.165723443031311,1.0644536018371582
1.166602611541748,1.1584553718566895
1.118263840675354,1.0844993591308594
1.1303763389587402,1.1377241611480713
1.0233652591705322,1.1773170232772827
1.0572582483291626,1.1245381832122803
1.0137970447540283,1.148301601409912
1.1079967021942139,1.1146907806396484
1.1429758071899414,1.1690788269042969
1.140735387802124,1.1779804229736328
1.0946309566497803,1.1038423776626587
1.026174545288086,1.1289284229278564
1.0996222496032715,1.1615736484527588
1.030175805091858,1.2022415399551392
1.1252449750900269,1.1622549295425415
1.0897912979125977,1.1591216325759888
0.9966868758201599,1.2656371593475342
1.0330958366394043,1.1452298164367676
1.0571463108062744,1.2175740003585815
1.1120609045028687,1.1626973152160645
1.075948715209961,1.211773157119751
1.068671703338623,1.207628607749939
1.0172502994537354,1.2542436122894287
1.0709888935089111,1.2367867231369019
1.1077730655670166,1.1629018783569336
1.1247758865356445,1.190063238143921
1.0684343576431274,1.2628087997436523
1.0271008014678955,1.2772058248519897
1.0087220668792725,1.1864410638809204
1.0917867422103882,1.2176544666290283
1.2025641202926636,1.1152632236480713
1.0976369380950928,1.2058210372924805
1.116458773612976,1.1833693981170654
1.1209063529968262,1.2202014923095703
1.0839364528656006,1.1544303894042969
1.2050366401672363,1.1387369632720947
1.103355050086975,1.1649925708770752
1.1174616813659668,1.1126844882965088
1.0969181060791016,1.0633872747421265
1.2655160427093506,1.1067805290222168
1.2151787281036377,1.1488776206970215
1.1389007568359375,1.080040693283081
1.0485577583312988,1.079969882965088
1.1489218473434448,1.0127249956130981
1.246597170829773,1.0454438924789429
1.3032773733139038,1.0142016410827637
1.3479256629943848,0.9823249578475952
1.2304847240447998,0.972909688949585
1.20749032497406,0.9323497414588928
1.2820218801498413,0.9647466540336609
1.3024752140045166,0.9510384798049927
1.3252880573272705,0.9280952215194702
1.3138291835784912,0.9201695322990417
1.2997673749923706,0.8532155752182007
