gen,disc
1.3043510913848877,1.2645432949066162
1.0262178182601929,1.2951579093933105
0.9436231851577759,1.2172150611877441
0.9902188181877136,1.2933481931686401
1.2218784093856812,1.2057573795318604
1.2886004447937012,1.2178013324737549
1.2214829921722412,1.1911509037017822
1.0879043340682983,1.2836891412734985
0.9349676966667175,1.2555029392242432
0.941079318523407,1.299403429031372
1.0449604988098145,1.237274169921875
1.3140889406204224,1.2390198707580566
1.213698387145996,1.3031034469604492
1.0470119714736938,1.3094898462295532
0.9567423462867737,1.3548871278762817
0.9314475655555725,1.189139723777771
1.0017138719558716,1.2441422939300537
1.1831626892089844,1.2022480964660645
1.2510111331939697,1.3036916255950928
1.186333179473877,1.2745863199234009
1.006509780883789,1.2588932514190674
0.9610537886619568,1.1574352979660034
1.0780811309814453,1.121497631072998
1.155035138130188,1.225462794303894
1.2384241819381714,1.213709831237793
1.1297028064727783,1.2040963172912598
0.9968958497047424,1.2109620571136475
0.9791407585144043,1.230729341506958
0.9843263626098633,1.2813777923583984
1.2274240255355835,1.1417160034179688
1.3951524496078491,1.136742115020752
1.1674013137817383,1.1089800596237183
0.9757739305496216,1.1775274276733398
0.9105061888694763,1.2022559642791748
1.0567818880081177,1.1868326663970947
1.2970850467681885,1.1419779062271118
1.4385188817977905,1.153350591659546
1.2238813638687134,1.147194743156433
0.9700301289558411,1.1408401727676392
0.899480402469635,1.1634953022003174
1.086918592453003,1.0747349262237549
1.404805064201355,1.0572079420089722
1.456789255142212,1.1276147365570068
1.0963841676712036,1.1051971912384033
1.035221815109253,1.087880253791809
1.0518618822097778,1.1106863021850586
1.0444594621658325,1.1789584159851074
1.2684540748596191,1.0856800079345703
1.1991097927093506,1.154965877532959
1.2236785888671875,1.0462499856948853
1.070698618888855,1.1342005729675293
1.0266846418380737,1.0269136428833008
1.2035002708435059,1.090639591217041
1.3519189357757568,1.0254908800125122
1.3049007654190063,1.0634748935699463
1.0861929655075073,1.0089167356491089
1.0092614889144897,1.0675773620605469
1.0847866535186768,1.0156670808792114
1.2943094968795776,1.0488582849502563
1.4014739990234375,1.0478718280792236
1.257952332496643,1.0513454675674438
1.1525909900665283,0.9694004058837891
1.0918140411376953,1.0022372007369995
1.0885388851165771,1.0513386726379395
1.2946631908416748,1.0066088438034058
1.2937264442443848,1.0051212310791016
1.3426889181137085,1.0067179203033447
1.1885364055633545,0.9923496246337891
1.0540753602981567,1.0510683059692383
1.1041680574417114,0.9680107235908508
1.2570527791976929,1.0036200284957886
1.3147492408752441,1.0175343751907349
1.532639741897583,0.9331059455871582
1.3365626335144043,0.9295563697814941
1.1379673480987549,0.9650406837463379
1.0173779726028442,1.091212511062622
1.0714194774627686,1.0189001560211182
1.3050724267959595,1.0111596584320068
1.4116616249084473,0.9559952020645142
1.3856048583984375,0.9192320108413696
1.1633343696594238,0.9765421748161316
1.1802409887313843,0.9332345724105835
1.2599188089370728,0.9575833678245544
1.3342293500900269,0.9363077282905579
1.369766354560852,0.9745802879333496
1.2615606784820557,0.9473499059677124
1.196533441543579,0.9418213367462158
1.2783873081207275,0.9194636344909668
1.3536789417266846,0.9570916891098022
1.2759552001953125,0.9365783333778381
1.2201693058013916,0.94969242811203
1.244796872138977,0.9418514966964722
1.2999993562698364,0.9806886911392212
1.2522063255310059,0.9587541818618774
1.189893126487732,0.9731520414352417
1.1708452701568604,0.9099248647689819
1.2494045495986938,0.9644896984100342
1.3522344827651978,0.9852052927017212
1.261412262916565,1.0053198337554932
1.2544012069702148,0.9562680125236511
1.1603312492370605,0.955986499786377
1.2799019813537598,0.9701156616210938
1.283133625984192,0.9983636736869812
1.2630164623260498,0.929355263710022
1.2162526845932007,0.9544157385826111
1.221453070640564,0.978744626045227
1.1526715755462646,1.0030004978179932
1.2574862241744995,1.0221911668777466
1.1812387704849243,1.0149405002593994
1.3373627662658691,1.0186715126037598
1.1799980401992798,1.0536210536956787
1.1815845966339111,1.0135136842727661
1.1990357637405396,1.0086278915405273
1.1364264488220215,1.0426713228225708
1.101837158203125,1.0772844552993774
1.1351782083511353,1.0714056491851807
1.2260010242462158,1.136117696762085
1.1957167387008667,1.0827463865280151
1.1080626249313354,1.0925235748291016
1.0350409746170044,1.1174041032791138
1.0984654426574707,1.079782485961914
1.1453766822814941,1.069167137145996
1.1592494249343872,1.0663882493972778
1.0725778341293335,1.1304068565368652
1.1259392499923706,1.0669282674789429
1.156140685081482,1.0255005359649658
1.0671453475952148,1.130746603012085
1.0613925457000732,1.1513640880584717
1.129863977432251,1.1472033262252808
1.1125444173812866,1.1543457508087158
1.13177490234375,1.090683102607727
1.0752179622650146,1.1564301252365112
1.0592284202575684,1.1680009365081787
1.1688734292984009,1.1298465728759766
1.1475985050201416,1.186643362045288
1.049133062362671,1.1604113578796387
1.0724849700927734,1.094345211982727
1.059253454208374,1.162531852722168
1.2045581340789795,1.124328374862671
1.1301008462905884,1.1484546661376953
1.0705939531326294,1.2007496356964111
1.0376012325286865,1.2007958889007568
0.9470783472061157,1.1922249794006348
1.0607640743255615,1.2624337673187256
1.1023913621902466,1.2652873992919922
1.0980347394943237,1.3509364128112793
1.047279715538025,1.2323811054229736
0.9953399896621704,1.1966389417648315
1.0021133422851562,1.2915695905685425
1.0188430547714233,1.2510367631912231
1.1473551988601685,1.179499864578247
1.1202174425125122,1.2671571969985962
1.067259669303894,1.2356066703796387
1.0805822610855103,1.1242244243621826
1.0015320777893066,1.183769941329956
1.1216120719909668,1.10064697265625
1.212374210357666,1.1719669103622437
1.2070828676223755,1.1628987789154053
1.031731128692627,1.1555213928222656
1.0312918424606323,1.1442233324050903
1.0043869018554688,1.2085673809051514
1.175286054611206,1.1513731479644775
1.2704815864562988,1.1888494491577148
1.2315964698791504,1.1460916996002197
1.036476731300354,1.1590392589569092
1.0079376697540283,1.1270757913589478
1.0352193117141724,1.126794695854187
1.196450114250183,1.185878872871399
1.435010552406311,1.0886062383651733
1.2586562633514404,1.2065682411193848
1.0293760299682617,1.1472342014312744
0.8960127830505371,1.1772878170013428
0.9540156126022339,1.1355485916137695
1.1919991970062256,1.1616320610046387
1.2614235877990723,1.169209599494934
1.2538535594940186,1.141379475593567
1.129429817199707,1.2255709171295166
1.0031514167785645,1.1368448734283447
0.9530526399612427,1.1918838024139404
0.9937717318534851,1.2304437160491943
1.1286308765411377,1.2014141082763672
1.2432548999786377,1.2018771171569824
1.1439670324325562,1.174494743347168
1.0264493227005005,1.1957247257232666
0.8633800745010376,1.3099777698516846
0.9265968203544617,1.2291537523269653
1.0034637451171875,1.148118019104004
1.2011933326721191,1.1915397644042969
1.023575782775879,1.2675962448120117
1.0296860933303833,1.3930128812789917
0.8928554654121399,1.2216179370880127
1.0005013942718506,1.1961272954940796
1.0476319789886475,1.1487306356430054
1.0655888319015503,1.197314739227295
1.1071898937225342,1.209592342376709
1.1411216259002686,1.151171326637268
0.997506856918335,1.240365982055664
0.9734829068183899,1.2539142370224
1.0488245487213135,1.1500391960144043
1.083866834640503,1.126701831817627
1.0524563789367676,1.2490499019622803
1.132593035697937,1.0986137390136719
1.1065782308578491,1.1805697679519653
1.1081290245056152,1.144624948501587
1.2229944467544556,1.132733941078186
1.0988595485687256,1.178922176361084
1.124056339263916,1.0926473140716553
1.065618634223938,1.163916826248169
1.2451205253601074,1.1263718605041504
1.2464395761489868,1.161699891090393
1.2288156747817993,1.1040349006652832
1.185638666152954,1.1180168390274048
1.17795991897583,1.0977227687835693
1.1190199851989746,1.1332745552062988
1.1073318719863892,1.1811423301696777
1.2084304094314575,1.1845765113830566
1.2099725008010864,1.1505944728851318
1.316652774810791,1.1146050691604614
1.1586410999298096,1.1319705247879028
1.179878830909729,1.1273131370544434
1.1811823844909668,1.1649799346923828
1.1380482912063599,1.195258617401123
1.1995816230773926,1.1112399101257324
1.222420334815979,1.1756350994110107
1.1865530014038086,1.2149806022644043
1.2187062501907349,1.1737546920776367
1.2071213722229004,1.1247448921203613
1.2218899726867676,0.9956920146942139
1.1685270071029663,1.1613516807556152
1.1300259828567505,1.164030909538269
1.1077675819396973,1.1566509008407593
1.1100189685821533,1.1128201484680176
1.1990022659301758,1.1450251340866089
1.3078051805496216,1.026936411857605
1.3094520568847656,1.08638596534729
