gen,disc
1.011019229888916,0.9912773370742798
0.9993517994880676,0.975698709487915
1.0054043531417847,0.9861869812011719
1.0658812522888184,0.9285678863525391
1.0679068565368652,0.9916192293167114
1.0314089059829712,0.9486188292503357
1.028520941734314,0.9441519975662231
1.0368046760559082,0.946721076965332
1.092398762702942,0.8972445130348206
1.0346615314483643,1.003115177154541
1.0712201595306396,0.9556068778038025
1.0212643146514893,0.9776545763015747
0.9981850385665894,0.9735223054885864
1.0886735916137695,0.9549510478973389
1.023524522781372,1.0188603401184082
1.0526783466339111,1.051376461982727
1.0300360918045044,0.9929215908050537
1.0125340223312378,1.0726377964019775
0.9893213510513306,1.0196239948272705
1.0281606912612915,1.037569284439087
1.0355229377746582,1.0635175704956055
1.0274991989135742,1.0996628999710083
1.044621229171753,1.0951404571533203
0.9564394950866699,1.0649950504302979
0.9558001756668091,1.160542607307434
0.9841791987419128,1.123536467552185
0.9739987254142761,1.1062755584716797
0.9626317620277405,1.1915847063064575
0.9814237952232361,1.1374740600585938
0.9959940910339355,1.1725678443908691
1.004580020904541,1.0808323621749878
0.9911592602729797,1.207474946975708
1.0244839191436768,1.1212092638015747
0.9404916763305664,1.1810951232910156
1.0205457210540771,1.1571626663208008
1.0186233520507812,1.1694152355194092
0.9815359115600586,1.163928747177124
0.9614734649658203,1.1577258110046387
1.008550763130188,1.1345725059509277
0.9957687854766846,1.1621990203857422
1.0154130458831787,1.137953758239746
1.0116705894470215,1.1192171573638916
0.9755398035049438,1.1544380187988281
0.9994257688522339,1.109856128692627
1.0608958005905151,1.0911258459091187
0.9662361741065979,1.1338002681732178
1.0008504390716553,1.1812262535095215
1.027675986289978,1.1240403652191162
1.0631917715072632,1.1014678478240967
0.9943532943725586,1.1377711296081543
1.009099006652832,1.16803777217865
0.9746288061141968,1.125458002090454
0.9429248571395874,1.165725588798523
0.976086437702179,1.1367058753967285
1.016365647315979,1.1724857091903687
1.0135607719421387,1.1412920951843262
1.0205575227737427,1.1945620775222778
0.9549528956413269,1.1756945848464966
0.9089744091033936,1.2366712093353271
0.8842554092407227,1.2062712907791138
0.9196669459342957,1.211266279220581
0.9321500658988953,1.2806496620178223
0.9677159786224365,1.264538049697876
0.9304904937744141,1.2673742771148682
0.9080305099487305,1.2993273735046387
0.8418200016021729,1.2857069969177246
0.8390731811523438,1.2999589443206787
0.8858827948570251,1.3069716691970825
0.8611406683921814,1.3167805671691895
0.8990086317062378,1.3015412092208862
0.8336916565895081,1.3318688869476318
0.8366759419441223,1.33816659450531
0.8259704113006592,1.4397705793380737
0.8165053129196167,1.317000150680542
0.7400203943252563,1.4210069179534912
0.7534164786338806,1.4074976444244385
0.8326901197433472,1.3839709758758545
0.8316442966461182,1.3554201126098633
0.8330250382423401,1.3505808115005493
0.7785060405731201,1.4159904718399048
0.7807965874671936,1.4087399244308472
0.7725367546081543,1.3856364488601685
0.7986155152320862,1.390270709991455
0.7660038471221924,1.340166449546814
0.7744448781013489,1.367349624633789
0.8351294994354248,1.3729956150054932
0.8371416330337524,1.405689001083374
0.8191858530044556,1.3362698554992676
0.7839474081993103,1.3159865140914917
0.7412856817245483,1.3563764095306396
0.8084039092063904,1.3139173984527588
0.8780043721199036,1.2947657108306885
0.8827141523361206,1.3245095014572144
0.8685777187347412,1.2324004173278809
0.8994399905204773,1.2852451801300049
0.8308747410774231,1.247084140777588
0.8174470663070679,1.2369163036346436
0.8718017339706421,1.177520990371704
0.9308090806007385,1.185511589050293
0.8969522714614868,1.2495837211608887
0.8806113600730896,1.2435994148254395
0.8861042261123657,1.2382023334503174
0.9502294063568115,1.212138295173645
0.9437432289123535,1.234123945236206
0.8557485938072205,1.2864797115325928
0.884825587272644,1.1922054290771484
0.8600144982337952,1.211599588394165
0.8772347569465637,1.2393239736557007
0.9300677180290222,1.2577632665634155
0.9565134644508362,1.2124333381652832
0.9013519287109375,1.2050931453704834
0.9037841558456421,1.2723538875579834
0.8710194826126099,1.2930915355682373
0.8217270970344543,1.36219322681427
0.8631224632263184,1.31065034866333
0.8842363357543945,1.359271764755249
0.8447125554084778,1.3754663467407227
0.8630583882331848,1.3018436431884766
0.8370590209960938,1.351325273513794
0.8852612376213074,1.4121648073196411
0.8735578060150146,1.3649218082427979
0.8077037334442139,1.445450782775879
0.8101801872253418,1.3877654075622559
0.7900779843330383,1.4030507802963257
0.8038983345031738,1.4328621625900269
0.8096525073051453,1.398769497871399
0.8794224858283997,1.4440045356750488
0.8228335380554199,1.3696491718292236
0.799990713596344,1.4310413599014282
0.8303638100624084,1.4281706809997559
0.8019874095916748,1.357279658317566
0.8017923831939697,1.3852601051330566
0.8510428071022034,1.3589715957641602
0.8424983024597168,1.3435367345809937
0.8800964951515198,1.2964812517166138
0.9320520162582397,1.3226765394210815
0.8935620784759521,1.2764332294464111
0.8476238250732422,1.3090661764144897
0.8890438079833984,1.2564107179641724
0.9448298215866089,1.2555387020111084
0.9164265990257263,1.2451260089874268
0.9412834644317627,1.1897861957550049
0.9849433302879333,1.1592819690704346
0.9788429737091064,1.1637438535690308
0.9739172458648682,1.1513352394104004
1.0043818950653076,1.0884885787963867
1.037824034690857,1.1011102199554443
1.069233775138855,1.0608083009719849
1.085641860961914,1.0344187021255493
1.035887598991394,1.0061842203140259
1.0879864692687988,1.0114450454711914
1.1401176452636719,0.9568185806274414
1.119762659072876,1.006993055343628
1.1403734683990479,0.9270885586738586
1.165857195854187,0.975787878036499
1.1040242910385132,0.9472658634185791
1.0960102081298828,0.9688605070114136
1.1172869205474854,0.9368868470191956
1.1686229705810547,0.9435888528823853
1.1724650859832764,0.9631070494651794
1.175091028213501,0.9142767786979675
1.1208744049072266,0.93874591588974
1.0775830745697021,0.954119861125946
1.107628345489502,0.9106920957565308
1.0972169637680054,0.942168116569519
1.1089321374893188,0.9592674970626831
1.1589077711105347,0.9774538278579712
1.1136077642440796,0.965100884437561
1.0598902702331543,1.0008420944213867
1.0163114070892334,1.0215904712677002
0.9663499593734741,1.0521838665008545
0.9697808623313904,1.0182923078536987
1.0323213338851929,1.0570600032806396
0.9975480437278748,1.2019447088241577
0.9950001835823059,1.0850300788879395
1.0118777751922607,1.1199193000793457
0.9045255780220032,1.142622947692871
0.9135429263114929,1.1105530261993408
0.8916304707527161,1.157360315322876
0.9013488292694092,1.2004950046539307
0.9615359306335449,1.1322472095489502
0.9259028434753418,1.1561152935028076
0.9425274729728699,1.1373438835144043
0.9590435028076172,1.1150479316711426
0.9100946187973022,1.162099838256836
0.9247949719429016,1.1335790157318115
0.9098638892173767,1.1380667686462402
0.9392955899238586,1.0981816053390503
0.9366763234138489,1.096612811088562
0.9129461050033569,1.1522756814956665
0.9298310279846191,1.076399803161621
0.9374187588691711,1.0744013786315918
1.0208706855773926,1.0556726455688477
1.0542775392532349,1.0236684083938599
1.014107346534729,1.0409882068634033
1.0290981531143188,1.0446717739105225
1.034321904182434,0.9615887403488159
1.0058555603027344,1.0044697523117065
1.0626933574676514,0.936091423034668
1.0980991125106812,0.9040579199790955
1.1542127132415771,0.9610470533370972
1.1587374210357666,0.9221100807189941
1.1827590465545654,0.9253016710281372
1.1666293144226074,0.9067015647888184
1.1516234874725342,0.8845865726470947
1.1184022426605225,0.9292455911636353
1.1064783334732056,0.9357070922851562
1.1583911180496216,0.898614764213562
1.1630313396453857,0.9384833574295044
1.2471998929977417,0.8971343040466309
1.2551708221435547,0.9125380516052246
1.269479513168335,0.9583448171615601
1.2739402055740356,0.9450060129165649
1.1501981019973755,0.9803112745285034
1.0852279663085938,0.9831977486610413
1.0322809219360352,1.0234524011611938
1.0982065200805664,0.9937576055526733
1.1256084442138672,1.0235276222229004
1.221004605293274,1.0059527158737183
1.193432092666626,0.9964044094085693
1.1835869550704956,1.1260720491409302
1.0960650444030762,1.1168426275253296
1.0248068571090698,1.1564446687698364
0.9148311614990234,1.187719464302063
0.9324283599853516,1.1973071098327637
0.97796630859375,1.181236743927002
1.0604581832885742,1.227208137512207
1.0422651767730713,1.2674111127853394
1.080308437347412,1.3598922491073608
0.9910131096839905,1.2266120910644531
0.9080541729927063,1.3378880023956299
0.8717550039291382,1.2748217582702637
0.9485770463943481,1.2713487148284912
1.009927749633789,1.2686198949813843
1.045304775238037,1.367729902267456
