gen,disc
0.9322182536125183,1.230131983757019
0.9779484272003174,1.2901849746704102
0.956022322177887,1.2706363201141357
0.9687459468841553,1.2370350360870361
0.9354243278503418,1.2412195205688477
0.9646163582801819,1.2032123804092407
0.9629325866699219,1.1913328170776367
1.0672743320465088,1.141926646232605
0.9900696873664856,1.1652185916900635
1.0463308095932007,1.1505863666534424
0.9687620401382446,1.1400840282440186
1.0050022602081299,1.1601966619491577
1.022678017616272,1.096281886100769
0.964013934135437,1.1575855016708374
1.0395880937576294,1.1560254096984863
1.027609944343567,1.1373059749603271
1.0434093475341797,1.1107831001281738
1.0523892641067505,1.149886131286621
0.9945699572563171,1.1004962921142578
0.9321383833885193,1.1678365468978882
0.9727572798728943,1.1647868156433105
0.9984003901481628,1.140241026878357
1.027085542678833,1.110868215560913
1.0214669704437256,1.2126164436340332
0.9375773668289185,1.2084619998931885
0.9233877062797546,1.172091007232666
0.9395549297332764,1.1796451807022095
0.8909426927566528,1.1987241506576538
0.988889753818512,1.1695053577423096
1.0117592811584473,1.174424409866333
0.9095274209976196,1.187748908996582
0.9300580620765686,1.2324047088623047
0.8908712267875671,1.1737678050994873
0.9472571015357971,1.206352710723877
0.995116651058197,1.1622076034545898
0.9651976823806763,1.201151967048645
0.8578070402145386,1.2611136436462402
0.9594336152076721,1.2200796604156494
0.8436793684959412,1.204714059829712
0.9452776908874512,1.2406789064407349
0.9981850981712341,1.188084363937378
0.9925762414932251,1.178539514541626
0.9375826120376587,1.192990779876709
0.9074383974075317,1.2344608306884766
0.9141824245452881,1.1850687265396118
0.9059507846832275,1.1931777000427246
0.9231217503547668,1.2029361724853516
0.9169564843177795,1.1909797191619873
0.9947656393051147,1.186300277709961
0.9846401214599609,1.110962152481079
0.9544276595115662,1.189361810684204
1.0592693090438843,1.091159462928772
0.9921214580535889,1.1508554220199585
0.991226851940155,1.1401851177215576
1.0156071186065674,1.0520236492156982
0.997544527053833,1.0791256427764893
1.023948073387146,1.084705114364624
1.0227338075637817,1.0993609428405762
1.0903525352478027,1.0626037120819092
1.0858166217803955,1.0664359331130981
1.1013972759246826,0.9996623992919922
1.1466333866119385,1.0308555364608765
1.153013825416565,1.01865553855896
1.0625183582305908,1.048903226852417
1.1337268352508545,1.0438110828399658
1.1472485065460205,0.9823874235153198
1.1797053813934326,0.9881880879402161
1.1953904628753662,1.0131609439849854
1.1591956615447998,0.9830322265625
1.2508633136749268,0.9734086990356445
1.184430480003357,1.0154564380645752
1.194444179534912,1.0406365394592285
1.1579192876815796,0.9883414506912231
1.1445844173431396,1.0488357543945312
1.242469310760498,1.0836217403411865
1.229623556137085,1.096956491470337
1.1496278047561646,1.1735422611236572
1.1622833013534546,1.1340055465698242
1.155382513999939,1.0716214179992676
1.0712472200393677,1.1728023290634155
1.0644689798355103,1.2234047651290894
1.099676251411438,1.1642048358917236
1.1626136302947998,1.2333359718322754
1.1750596761703491,1.1724847555160522
1.0555315017700195,1.194031834602356
0.9914723634719849,1.2120740413665771
0.9801534414291382,1.3223848342895508
1.0600731372833252,1.3010011911392212
1.077310562133789,1.265757441520691
1.0278784036636353,1.4537498950958252
0.9659553170204163,1.3419172763824463
0.9542813301086426,1.4282859563827515
0.9665601253509521,1.2800815105438232
1.0444178581237793,1.3045536279678345
1.081451416015625,1.2619315385818481
1.0380398035049438,1.3569705486297607
0.9633665084838867,1.2831766605377197
0.9839763641357422,1.317748785018921
1.0329355001449585,1.239838719367981
0.9589430689811707,1.3380663394927979
1.009264588356018,1.2568907737731934
1.0971088409423828,1.194151520729065
1.0422258377075195,1.2186737060546875
1.105465054512024,1.2309606075286865
0.9552134275436401,1.2032769918441772
1.0115865468978882,1.273174524307251
1.0442358255386353,1.2318389415740967
1.1215298175811768,1.1844968795776367
1.0814343690872192,1.209930658340454
0.9921923875808716,1.2049221992492676
0.9945201873779297,1.2536675930023193
0.974402904510498,1.3045299053192139
1.155818223953247,1.1864509582519531
1.0415186882019043,1.2412519454956055
1.0511306524276733,1.2498546838760376
0.9873490333557129,1.2590879201889038
0.906744122505188,1.2806510925292969
0.8972857594490051,1.3414325714111328
0.9105973839759827,1.3653863668441772
0.9510061740875244,1.3020222187042236
0.9877504110336304,1.2957072257995605
0.9574335813522339,1.258286714553833
0.939362108707428,1.3448773622512817
0.9903644919395447,1.3337148427963257
0.894844114780426,1.316497564315796
0.901386022567749,1.3045858144760132
0.8481248617172241,1.3117815256118774
0.8405754566192627,1.3494491577148438
0.9980847835540771,1.2965048551559448
0.9499467015266418,1.4077322483062744
0.8811838626861572,1.3857812881469727
0.7631191611289978,1.4256021976470947
0.7668253779411316,1.4107513427734375
0.7702136635780334,1.4098424911499023
0.8817772269248962,1.386037826538086
0.8633620738983154,1.4054760932922363
0.8859508037567139,1.3840113878250122
0.8714330196380615,1.3701229095458984
0.8050873279571533,1.409977674484253
0.7897365093231201,1.3951215744018555
0.8196157813072205,1.377469539642334
0.7572816610336304,1.4322569370269775
0.7935652732849121,1.3992691040039062
0.9374902844429016,1.2983155250549316
0.916883111000061,1.3414024114608765
0.7842234969139099,1.3962390422821045
0.7722951769828796,1.3338052034378052
0.7676169872283936,1.3547298908233643
0.8370788097381592,1.2835299968719482
0.8905800580978394,1.3097598552703857
0.9379888772964478,1.2554090023040771
1.0030006170272827,1.2302950620651245
0.9422405958175659,1.2176427841186523
0.8877975344657898,1.1714293956756592
0.9348816871643066,1.172290563583374
0.9107946753501892,1.1695992946624756
0.9402467012405396,1.1698495149612427
0.9766928553581238,1.2020049095153809
1.031750202178955,1.124929428100586
1.0327649116516113,1.1196109056472778
1.0358279943466187,1.1791355609893799
0.9687146544456482,1.160139799118042
0.991844654083252,1.098278284072876
0.9990344047546387,1.0980198383331299
1.0382661819458008,1.136828899383545
1.089695692062378,1.1132147312164307
1.0883954763412476,1.0310947895050049
1.137063980102539,1.0657107830047607
1.1231762170791626,1.0828009843826294
1.1565961837768555,1.0160212516784668
1.0220319032669067,1.0551851987838745
1.0224862098693848,1.1045074462890625
1.0880355834960938,1.0600464344024658
1.1652491092681885,1.0650665760040283
1.1709799766540527,1.0750432014465332
1.074889063835144,1.0767539739608765
1.0310699939727783,1.0660498142242432
1.0768810510635376,1.078378677368164
1.1014174222946167,1.0726332664489746
1.1612746715545654,1.0978803634643555
1.064419150352478,1.0812944173812866
1.027138590812683,1.1744188070297241
1.1736690998077393,1.0834829807281494
1.0969727039337158,1.1129404306411743
1.035525918006897,1.103060007095337
1.0517417192459106,1.142144799232483
1.0413868427276611,1.1431989669799805
1.0549405813217163,1.0909051895141602
1.1092140674591064,1.2314726114273071
1.079737663269043,1.1508805751800537
1.0036189556121826,1.1622116565704346
1.0211517810821533,1.1844053268432617
1.013715386390686,1.235416054725647
1.0216200351715088,1.1439611911773682
1.035940408706665,1.212205410003662
0.9902516603469849,1.2154431343078613
1.030948519706726,1.2065517902374268
1.0251150131225586,1.1871964931488037
1.025048851966858,1.1819405555725098
1.0273480415344238,1.1711320877075195
1.0002655982971191,1.2062122821807861
0.9636080861091614,1.210784912109375
0.9667617082595825,1.1970617771148682
1.0786383152008057,1.1871795654296875
1.097836971282959,1.155224084854126
1.0634487867355347,1.1311817169189453
0.9642572402954102,1.1993067264556885
1.011163353919983,1.1712753772735596
0.9966027140617371,1.1703402996063232
1.0828312635421753,1.1291027069091797
1.0565710067749023,1.1401433944702148
1.0294573307037354,1.121307134628296
1.0165979862213135,1.147403597831726
1.1576428413391113,1.135472297668457
1.0414820909500122,1.140387773513794
0.9778871536254883,1.1901257038116455
1.0042434930801392,1.171170711517334
0.9855228662490845,1.126426100730896
1.0368181467056274,1.1210331916809082
1.101059913635254,1.1740065813064575
1.0043492317199707,1.1910080909729004
0.953485906124115,1.2094184160232544
0.9779086112976074,1.2259838581085205
0.9241419434547424,1.2210643291473389
0.9567121267318726,1.2226431369781494
0.9590518474578857,1.271978497505188
0.933646023273468,1.2641186714172363
0.9326866865158081,1.2125155925750732
0.9469753503799438,1.2030606269836426
0.9439680576324463,1.3094508647918701
1.0020456314086914,1.2910315990447998
0.9027684330940247,1.3013980388641357
0.8286193609237671,1.3000950813293457
0.8474874496459961,1.3049402236938477
0.838679850101471,1.3336617946624756
