gen,disc
1.1268324851989746,1.0898898839950562
0.9895325303077698,1.1524097919464111
1.0791516304016113,1.0220675468444824
1.271750569343567,1.0167120695114136
1.3211629390716553,1.0838663578033447
1.4011286497116089,1.0327409505844116
1.3249866962432861,1.0532814264297485
1.1777567863464355,1.0096428394317627
1.0981489419937134,1.0577808618545532
1.1570138931274414,0.9794629812240601
1.3395437002182007,0.9536350965499878
1.4153504371643066,0.9271467924118042
1.4196445941925049,0.8820022344589233
1.3536202907562256,0.8955549001693726
1.2546780109405518,0.8866150975227356
1.2824589014053345,0.8958691358566284
1.3416587114334106,0.9116377830505371
1.4356507062911987,0.9039821028709412
1.4024935960769653,0.8642204403877258
1.4004932641983032,0.8678097128868103
1.5687799453735352,0.827618420124054
1.41573965549469,0.8598815202713013
1.3625338077545166,0.8690999150276184
1.2791640758514404,0.8660165071487427
1.3951162099838257,0.878259539604187
1.4550713300704956,0.8703059554100037
1.3538740873336792,0.8792516589164734
1.450596570968628,0.84440016746521
1.4331737756729126,0.8270946145057678
1.4711402654647827,0.8688360452651978
1.394705891609192,0.8817017078399658
1.3522379398345947,0.8904950618743896
1.3560473918914795,0.8498305082321167
1.354187250137329,0.8343504071235657
1.3126122951507568,0.9558987617492676
1.4238696098327637,0.9060444831848145
1.3738696575164795,0.9327195882797241
1.265395998954773,0.9993102550506592
1.2771198749542236,0.9495148658752441
1.3188185691833496,0.924384355545044
1.2659424543380737,0.9874187111854553
1.2793899774551392,0.9428167939186096
1.3913002014160156,0.9782574772834778
1.5308287143707275,0.9423712491989136
1.3265336751937866,0.9825872182846069
1.1438392400741577,0.9596497416496277
1.1518123149871826,1.012489914894104
1.2524840831756592,0.9527862668037415
1.3288953304290771,1.0202172994613647
1.4343159198760986,1.037368893623352
1.2619547843933105,0.968517005443573
1.2828493118286133,0.9925351142883301
1.2335747480392456,1.0147923231124878
1.1802637577056885,0.9949973821640015
1.3358521461486816,1.029358148574829
1.4011861085891724,1.0071218013763428
1.4029557704925537,0.9953593015670776
1.221390724182129,1.0575590133666992
1.235605239868164,0.9942843914031982
1.224791407585144,1.0548146963119507
1.2970969676971436,1.0576344728469849
1.3285202980041504,1.0027254819869995
1.3807141780853271,1.0078635215759277
1.2596290111541748,1.115232229232788
1.3885676860809326,0.9847496747970581
1.1822950839996338,1.110235571861267
1.195495367050171,1.0148378610610962
1.2441117763519287,1.088719129562378
1.2876293659210205,1.0676392316818237
1.2280292510986328,1.0898293256759644
1.2615190744400024,1.1493432521820068
1.1947262287139893,1.1218576431274414
1.2438926696777344,1.1244114637374878
1.2356128692626953,1.0878734588623047
1.2418675422668457,1.1611170768737793
1.2279398441314697,1.1289126873016357
1.2206971645355225,1.1055643558502197
1.1945712566375732,1.0970633029937744
1.205416202545166,1.1890740394592285
1.1667510271072388,1.1475825309753418
1.252541184425354,1.1649205684661865
1.1761811971664429,1.1986608505249023
1.118324875831604,1.13698410987854
1.189720630645752,1.167569875717163
1.2199887037277222,1.1374390125274658
1.2662931680679321,1.13621985912323
1.2044082880020142,1.188186764717102
1.1243470907211304,1.1390986442565918
1.0382024049758911,1.2192449569702148
1.144869327545166,1.1747047901153564
1.2635343074798584,1.2074565887451172
1.286041259765625,1.1803903579711914
1.1070277690887451,1.235352873802185
1.1265835762023926,1.1519609689712524
1.0442930459976196,1.1953182220458984
1.0894038677215576,1.168694257736206
1.2069127559661865,1.2250635623931885
1.257155418395996,1.1211577653884888
1.2957111597061157,1.0734608173370361
1.2397329807281494,1.149359941482544
1.081926941871643,1.148316502571106
1.1148464679718018,1.1160671710968018
1.2295689582824707,1.0699942111968994
1.287883996963501,1.2017828226089478
1.1953136920928955,1.1335033178329468
1.2025272846221924,1.1173787117004395
1.149667739868164,1.0130243301391602
1.232571005821228,1.0497229099273682
1.3613324165344238,1.050910472869873
1.3050416707992554,1.0911803245544434
1.2682764530181885,1.0494858026504517
1.1394305229187012,1.0532095432281494
1.1727681159973145,0.9914405941963196
1.3153700828552246,0.9941756725311279
1.425081491470337,1.0037720203399658
1.463578701019287,1.056854009628296
1.2169957160949707,1.02840256690979
1.0788288116455078,1.046141505241394
1.1429388523101807,1.0118776559829712
1.3686903715133667,0.9703114032745361
1.4241688251495361,1.04530930519104
1.353338360786438,1.0636138916015625
1.228905439376831,1.0188448429107666
1.1659716367721558,0.9955300092697144
1.210176706314087,1.0039571523666382
1.1978600025177002,1.024450421333313
1.1794074773788452,1.060086727142334
1.229490876197815,1.1132900714874268
1.30488920211792,0.9845609664916992
1.2226457595825195,1.0369014739990234
1.2112442255020142,1.0466039180755615
1.2580325603485107,1.0047941207885742
1.2967820167541504,0.9823095798492432
1.2187976837158203,1.0157296657562256
1.1691244840621948,0.990811824798584
1.160483956336975,1.0410077571868896
1.2197110652923584,1.0016872882843018
1.3218574523925781,0.9916541576385498
1.2328603267669678,0.981827974319458
1.3680949211120605,0.9382988214492798
1.1934674978256226,0.9932754635810852
1.164698839187622,1.0212714672088623
1.1496235132217407,0.9875970482826233
1.2081323862075806,1.0475354194641113
1.2571038007736206,1.111905574798584
1.1876553297042847,1.0288145542144775
1.064070224761963,1.1244616508483887
1.1157081127166748,1.0473873615264893
1.1805185079574585,1.1285784244537354
1.241436243057251,1.039294958114624
1.2405191659927368,0.9846535921096802
1.2755517959594727,1.0233535766601562
1.2282150983810425,0.9932604432106018
1.2136507034301758,1.0341460704803467
1.1910146474838257,1.0164554119110107
1.1422253847122192,1.0234787464141846
1.2359123229980469,1.0321218967437744
1.2937703132629395,1.0083075761795044
1.369402289390564,0.9967708587646484
1.3316004276275635,0.9950274229049683
1.2037923336029053,1.0585823059082031
1.1819932460784912,0.992241382598877
1.187442660331726,1.0098694562911987
1.2319810390472412,1.0324350595474243
1.320560097694397,0.9490065574645996
1.2715942859649658,1.0721925497055054
1.225461721420288,1.0676214694976807
1.185389518737793,1.024933099746704
1.2885351181030273,0.9407979249954224
1.2502037286758423,1.0696697235107422
1.2254648208618164,1.0934033393859863
1.3362809419631958,1.0036119222640991
1.3097057342529297,1.1289246082305908
1.2861342430114746,1.0636870861053467
1.1440995931625366,1.1461683511734009
1.1154242753982544,1.1516973972320557
1.150988221168518,1.0771405696868896
1.1158877611160278,1.1747058629989624
1.136333703994751,1.1920695304870605
1.2063398361206055,1.2082228660583496
1.1090425252914429,1.2139904499053955
1.0663349628448486,1.1999645233154297
1.0742151737213135,1.1488380432128906
1.1250685453414917,1.2447835206985474
1.1294755935668945,1.2569701671600342
1.1123311519622803,1.205627202987671
1.037215232849121,1.2783801555633545
1.019801378250122,1.3527250289916992
1.0338160991668701,1.2136569023132324
1.020165205001831,1.2581133842468262
1.1701480150222778,1.2806313037872314
1.1449737548828125,1.3404450416564941
1.0823720693588257,1.2059880495071411
1.055027723312378,1.2128095626831055
1.0047014951705933,1.2583752870559692
1.04717218875885,1.3046064376831055
1.1973443031311035,1.2008605003356934
1.1978086233139038,1.1791925430297852
1.0677733421325684,1.2858895063400269
1.0431190729141235,1.2541840076446533
0.9828110933303833,1.1912257671356201
1.1052942276000977,1.2140580415725708
1.233557939529419,1.2019343376159668
1.2133780717849731,1.2738456726074219
1.1610996723175049,1.2523115873336792
1.0926387310028076,1.207834243774414
1.0126802921295166,1.2634329795837402
1.0261539220809937,1.280674934387207
1.1004654169082642,1.176163911819458
1.2125983238220215,1.3378016948699951
1.16762375831604,1.2849119901657104
1.1449661254882812,1.209285020828247
1.064450740814209,1.1706650257110596
0.9917691349983215,1.2578747272491455
1.105826497077942,1.188245415687561
1.2572529315948486,1.1723642349243164
1.235563039779663,1.2548551559448242
1.1307520866394043,1.1886305809020996
1.0889344215393066,1.2497509717941284
0.9506922960281372,1.2207990884780884
1.1683337688446045,1.2399022579193115
1.1351436376571655,1.2022671699523926
1.1133484840393066,1.2234547138214111
0.9929553866386414,1.24688720703125
1.118429183959961,1.214449167251587
1.0699552297592163,1.3635759353637695
1.015054702758789,1.3621582984924316
1.0012394189834595,1.2512027025222778
1.0120166540145874,1.234389305114746
1.0135560035705566,1.2862635850906372
1.0339019298553467,1.2460057735443115
1.1095147132873535,1.256354808807373
1.1543853282928467,1.2740931510925293
1.010778784751892,1.1829092502593994
0.9829750061035156,1.1896483898162842
