gen,disc
0.9163898229598999,1.2468962669372559
0.8658188581466675,1.3372902870178223
0.9260796904563904,1.2729778289794922
0.9543919563293457,1.2673168182373047
0.9456517100334167,1.3264174461364746
0.947115957736969,1.2880088090896606
0.8616037964820862,1.3544142246246338
0.8665980100631714,1.3008685111999512
0.9000205993652344,1.244462490081787
0.9176634550094604,1.291043758392334
0.9831053018569946,1.2584590911865234
1.00132417678833,1.2766458988189697
0.9248647093772888,1.2521946430206299
0.8893635869026184,1.2711448669433594
0.8334364891052246,1.269211769104004
0.866464376449585,1.2955888509750366
0.9786804914474487,1.2901265621185303
1.0172779560089111,1.2499535083770752
0.9027619957923889,1.2335189580917358
0.8390669822692871,1.221630573272705
0.8821331858634949,1.2431435585021973
0.9617458581924438,1.225604772567749
0.9953747987747192,1.2153024673461914
0.9944948554039001,1.235398769378662
0.9220742583274841,1.270293951034546
0.9274137616157532,1.236961007118225
0.8760012984275818,1.1987295150756836
0.9046669006347656,1.2688133716583252
0.9234797954559326,1.2344322204589844
1.0119590759277344,1.1945395469665527
1.0245625972747803,1.1765587329864502
0.9176961183547974,1.2132377624511719
0.8915833234786987,1.228711485862732
0.9167085289955139,1.2340894937515259
0.9529449939727783,1.2339195013046265
0.9361535310745239,1.2154855728149414
0.9237625598907471,1.224560022354126
0.9169394969940186,1.2397711277008057
0.9007970094680786,1.2349317073822021
0.9549978971481323,1.2248549461364746
0.9020309448242188,1.2372937202453613
0.9464874267578125,1.1897296905517578
0.9011844396591187,1.2329655885696411
0.8903037309646606,1.2362555265426636
0.8329690098762512,1.273706316947937
0.8645075559616089,1.2337692975997925
0.9551392793655396,1.2052586078643799
0.9636731743812561,1.204270362854004
0.9135624766349792,1.2074718475341797
0.8746277093887329,1.2810070514678955
0.8437474966049194,1.232314109802246
0.939993143081665,1.2141159772872925
0.8620519042015076,1.281334400177002
0.8499139547348022,1.2930946350097656
0.8598424196243286,1.2877049446105957
0.8614217042922974,1.181115984916687
0.8161722421646118,1.2910047769546509
0.8850597739219666,1.2453540563583374
0.9330198764801025,1.239633321762085
0.8814857006072998,1.3125249147415161
0.8512046337127686,1.2710672616958618
0.850242018699646,1.2511812448501587
0.8646223545074463,1.1632390022277832
0.8273319602012634,1.2913554906845093
0.8760514855384827,1.2440316677093506
0.9026183485984802,1.3009493350982666
0.8612320423126221,1.253294825553894
0.8266667127609253,1.287872314453125
0.9483227133750916,1.167061448097229
0.8593631982803345,1.2416447401046753
0.8399113416671753,1.2222254276275635
0.9028158783912659,1.2081801891326904
0.952526867389679,1.221408486366272
0.9177454113960266,1.2277830839157104
0.9761797785758972,1.1906768083572388
0.9209858775138855,1.2132233381271362
0.8367736339569092,1.2148314714431763
0.8917326331138611,1.2211990356445312
0.9372789263725281,1.2027379274368286
1.006249189376831,1.162137508392334
0.9790265560150146,1.1947526931762695
0.8752642869949341,1.202275276184082
0.9044978022575378,1.231001853942871
0.8806638121604919,1.1369858980178833
0.9468082189559937,1.223541259765625
1.0247446298599243,1.203316569328308
1.0468112230300903,1.2216556072235107
0.9077545404434204,1.211533784866333
0.9297469258308411,1.1882526874542236
0.8991778492927551,1.1976127624511719
0.9214475154876709,1.2049921751022339
0.9358240962028503,1.2867145538330078
0.9721989631652832,1.2322087287902832
0.9657841324806213,1.2278776168823242
0.9380830526351929,1.2203199863433838
0.9456212520599365,1.2063482999801636
0.9443545341491699,1.2185344696044922
0.9581406712532043,1.279246211051941
0.968431293964386,1.245143175125122
0.888896644115448,1.2946481704711914
0.8452805280685425,1.2680120468139648
0.9464929699897766,1.274073600769043
1.0481098890304565,1.2506518363952637
0.9367085099220276,1.3032829761505127
0.900122344493866,1.287660837173462
0.9047719240188599,1.2253742218017578
0.8988524675369263,1.299147129058838
0.9344589710235596,1.2526473999023438
1.005179524421692,1.2697806358337402
0.9679659008979797,1.2917571067810059
0.9377872943878174,1.2556464672088623
0.8608635067939758,1.286394476890564
0.8891019225120544,1.310036063194275
0.8724289536476135,1.3229162693023682
0.94173264503479,1.2993011474609375
1.0289651155471802,1.3024989366531372
0.9766742587089539,1.2627918720245361
0.8068569898605347,1.3209718465805054
0.8693951368331909,1.2494101524353027
0.969974160194397,1.2344013452529907
1.0396199226379395,1.2729549407958984
1.023140788078308,1.1840286254882812
0.8768759369850159,1.2688935995101929
0.9045132994651794,1.225321650505066
0.9360459446907043,1.1752500534057617
0.9714350700378418,1.2340797185897827
0.9937621355056763,1.2609515190124512
1.015166163444519,1.2308130264282227
0.9379334449768066,1.189082384109497
0.8730942606925964,1.2121238708496094
0.902319073677063,1.1776139736175537
1.055511713027954,1.2039849758148193
1.0634970664978027,1.244754433631897
0.9858793020248413,1.2368898391723633
0.9270241856575012,1.218031644821167
0.8482556939125061,1.2427847385406494
0.8597235083580017,1.2421226501464844
1.0441083908081055,1.1874182224273682
1.0747201442718506,1.2385916709899902
0.9904669523239136,1.1790885925292969
0.8780633211135864,1.2498071193695068
0.9102621078491211,1.1305760145187378
0.9237133860588074,1.1948624849319458
0.9861253499984741,1.188025951385498
0.9945198893547058,1.1964483261108398
1.005131483078003,1.20876145362854
0.9525465369224548,1.198767900466919
0.8712610602378845,1.1837756633758545
0.9161946773529053,1.1988790035247803
0.8992342948913574,1.2247380018234253
0.9404632449150085,1.2445523738861084
0.9621338844299316,1.246248722076416
0.9324772357940674,1.2702794075012207
0.8040220141410828,1.2502472400665283
0.8076996207237244,1.2960577011108398
0.844388484954834,1.2500247955322266
0.9680467844009399,1.2490992546081543
0.9596498012542725,1.220898985862732
0.9749500155448914,1.2461353540420532
0.906139075756073,1.2126781940460205
0.8072078227996826,1.2552759647369385
0.8701638579368591,1.25077223777771
0.9161874651908875,1.2015595436096191
0.926863431930542,1.196239709854126
0.9500294327735901,1.2642037868499756
0.9836633801460266,1.1586664915084839
0.8462733626365662,1.2883918285369873
0.8572126626968384,1.216414213180542
0.8596326112747192,1.189974308013916
0.950573205947876,1.256054401397705
0.945945680141449,1.2051784992218018
0.9571032524108887,1.2137194871902466
0.9104098081588745,1.2230565547943115
0.901951253414154,1.1679608821868896
0.9347659349441528,1.1989617347717285
0.9414729475975037,1.230818510055542
0.9124281406402588,1.2145049571990967
0.9291282892227173,1.2459063529968262
0.9615471363067627,1.2131783962249756
0.9863418340682983,1.2195571660995483
0.9420098066329956,1.2247636318206787
0.9077634215354919,1.2191935777664185
0.9791427850723267,1.2232556343078613
0.8873093128204346,1.2771596908569336
0.9334700107574463,1.2646379470825195
0.9562408924102783,1.1599507331848145
0.9115691184997559,1.2999870777130127
0.9493082761764526,1.2186790704727173
0.9622807502746582,1.2584998607635498
0.9591471552848816,1.1909098625183105
0.8666542172431946,1.271897554397583
1.016127347946167,1.2049415111541748
1.0243561267852783,1.177490472793579
0.8857144117355347,1.2454630136489868
0.9162799715995789,1.220404863357544
0.927014946937561,1.2883925437927246
0.9695103168487549,1.2973015308380127
0.9229785799980164,1.2930676937103271
0.9094363451004028,1.2611563205718994
0.9014654159545898,1.273461937904358
0.948273777961731,1.1999647617340088
0.9746315479278564,1.216167688369751
0.9065608978271484,1.2906646728515625
0.982201874256134,1.2321115732192993
0.9155486226081848,1.3074798583984375
0.8771088123321533,1.2652332782745361
0.8807876706123352,1.2735121250152588
0.8902035355567932,1.2837140560150146
0.923488438129425,1.2820043563842773
0.9578279852867126,1.2075576782226562
0.9496963620185852,1.2784628868103027
1.0011534690856934,1.2498962879180908
0.8593195676803589,1.2415225505828857
0.8280998468399048,1.2459126710891724
0.8942292928695679,1.2389991283416748
1.027463436126709,1.2148910760879517
1.0645620822906494,1.2081965208053589
0.9498326778411865,1.2466092109680176
0.8101912140846252,1.2579212188720703
0.8714251518249512,1.2294681072235107
0.8911764621734619,1.298344373703003
0.9628335237503052,1.26216459274292
0.99045729637146,1.2331615686416626
0.9116488695144653,1.1828484535217285
0.8973327279090881,1.2297911643981934
0.8984441757202148,1.2651976346969604
0.917066216468811,1.222966194152832
0.9514873623847961,1.24360191822052
0.9141226410865784,1.289442777633667
0.9186601638793945,1.2071073055267334
0.9268726706504822,1.205012321472168
0.911861777305603,1.1917814016342163
0.9729704260826111,1.179224967956543
0.917641282081604,1.2284069061279297
0.9292861223220825,1.185469627380371
