gen,disc
0.6951508522033691,1.3735836744308472
0.6716411113739014,1.3385851383209229
0.6506134867668152,1.3090531826019287
0.6277960538864136,1.2946906089782715
0.6132080554962158,1.2677942514419556
0.5975136160850525,1.2496633529663086
0.5836401581764221,1.2318873405456543
0.5760285258293152,1.2165054082870483
0.5689857602119446,1.1874005794525146
0.5615019798278809,1.177139401435852
0.5542459487915039,1.1684651374816895
0.5510028004646301,1.143703818321228
0.5472370982170105,1.1342204809188843
0.5424762964248657,1.1238704919815063
0.5375348925590515,1.1131048202514648
0.5299978256225586,1.1115548610687256
0.5246561169624329,1.1106221675872803
0.5106211304664612,1.1202049255371094
0.5018301606178284,1.126549243927002
0.49036961793899536,1.1375789642333984
0.47871100902557373,1.1557457447052002
0.46934303641319275,1.1672096252441406
0.45888274908065796,1.1868901252746582
0.44615721702575684,1.2043380737304688
0.4363839030265808,1.2232954502105713
0.42818525433540344,1.2378013134002686
0.4262414574623108,1.2417551279067993
0.42092204093933105,1.2572176456451416
0.4265681505203247,1.2540234327316284
0.4249356985092163,1.2550132274627686
0.42699509859085083,1.2661042213439941
0.43553391098976135,1.253327488899231
0.4403125047683716,1.2567191123962402
0.44966205954551697,1.2478519678115845
0.468213826417923,1.2254377603530884
0.4814528822898865,1.2143386602401733
0.4976935088634491,1.1946532726287842
0.5144705772399902,1.1759247779846191
0.535328209400177,1.1677849292755127
0.5482376217842102,1.163515329360962
0.5570790767669678,1.1577417850494385
0.5757250189781189,1.1397383213043213
0.5805178880691528,1.1482406854629517
0.5927689075469971,1.1462290287017822
0.6043106913566589,1.1415581703186035
0.607347846031189,1.1427156925201416
0.6130107045173645,1.1490411758422852
0.6068305373191833,1.1738111972808838
0.5977552533149719,1.1789878606796265
0.5795905590057373,1.2216150760650635
0.5580791234970093,1.2425665855407715
0.5477213263511658,1.2578070163726807
0.5239641666412354,1.2989343404769897
0.5191984176635742,1.307315707206726
0.5094005465507507,1.3220000267028809
0.5104291439056396,1.3387023210525513
0.5119113326072693,1.34549081325531
0.5229978561401367,1.3127223253250122
0.5315139293670654,1.3000681400299072
0.5342943072319031,1.3103169202804565
0.5515804290771484,1.280978798866272
0.5634032487869263,1.2670713663101196
0.5831547975540161,1.225793719291687
0.6018562912940979,1.2231433391571045
0.6050778031349182,1.1850066184997559
0.6186253428459167,1.1784875392913818
0.6251200437545776,1.1554005146026611
0.6355607509613037,1.1487345695495605
0.6500198245048523,1.1182866096496582
0.6607133150100708,1.1075185537338257
0.6732301712036133,1.07515287399292
0.6948294043540955,1.0487560033798218
0.7080246806144714,1.0335187911987305
0.7169050574302673,1.0336834192276
0.730283260345459,0.9943397045135498
0.7337312698364258,0.9992454051971436
0.7289087772369385,1.0040900707244873
0.7297417521476746,0.9947949647903442
0.7223162055015564,0.9965609312057495
0.7014023065567017,1.016568899154663
0.6917623281478882,1.02156662940979
0.6760942339897156,1.0588531494140625
0.657004177570343,1.0699814558029175
0.6463967561721802,1.095232367515564
0.617335319519043,1.1425278186798096
0.601594865322113,1.1660696268081665
0.578106164932251,1.1966168880462646
0.5546401143074036,1.236235499382019
0.5312527418136597,1.2947475910186768
0.5142333507537842,1.3293498754501343
0.49105700850486755,1.368433952331543
0.4798022210597992,1.38752019405365
0.47540783882141113,1.4310088157653809
0.48269152641296387,1.4273818731307983
0.49852606654167175,1.4120538234710693
0.5130615234375,1.3826924562454224
0.5387004017829895,1.355565071105957
0.5675433874130249,1.311156153678894
0.6040027737617493,1.278200387954712
0.6332092881202698,1.2312073707580566
0.6669461727142334,1.200154423713684
0.69706791639328,1.1511250734329224
0.7321715354919434,1.1175618171691895
0.7739854454994202,1.0653693675994873
0.7997747659683228,1.0215563774108887
0.8237541913986206,0.9822201132774353
0.8626890182495117,0.9506554007530212
0.8871691823005676,0.9176669120788574
0.9133121967315674,0.8703885674476624
0.9242017865180969,0.8538278341293335
0.9303861856460571,0.8255144357681274
0.9310389757156372,0.8235485553741455
0.9153698682785034,0.8314438462257385
0.9057382941246033,0.829882025718689
0.9003168940544128,0.8291731476783752
0.8807022571563721,0.8405047655105591
0.8723983764648438,0.8422658443450928
0.8701080679893494,0.8483767509460449
0.8824024200439453,0.8333183526992798
0.8934767246246338,0.8294428586959839
0.9142765402793884,0.808979868888855
0.9330726265907288,0.8010442852973938
0.9674248099327087,0.7958939075469971
0.9866317510604858,0.7792988419532776
1.0059409141540527,0.7663780450820923
1.015000820159912,0.7654929161071777
1.0005656480789185,0.7733224630355835
0.9942885637283325,0.7895046472549438
0.9611601829528809,0.8154457807540894
0.923110842704773,0.8441470861434937
0.8669967651367188,0.8682856559753418
0.8130201101303101,0.9298193454742432
0.7731179594993591,0.948388397693634
0.7351192831993103,1.0236473083496094
0.7146618962287903,1.0121359825134277
0.6886478066444397,1.0660240650177002
0.6797986030578613,1.0852433443069458
0.6721625328063965,1.1256804466247559
0.6763364672660828,1.1462448835372925
0.6850833296775818,1.145157814025879
0.6896266341209412,1.1611050367355347
0.698995053768158,1.1789116859436035
0.7064825892448425,1.1985465288162231
0.6904809474945068,1.1958913803100586
0.6816297173500061,1.2376952171325684
0.6662856340408325,1.2634410858154297
0.6462404727935791,1.282181978225708
0.6259472370147705,1.3115544319152832
0.5985272526741028,1.3525025844573975
0.5885683298110962,1.3800616264343262
0.5897077322006226,1.3521473407745361
0.603971004486084,1.347264051437378
0.6314136981964111,1.3187881708145142
0.6734994649887085,1.262858510017395
0.7077001929283142,1.2286577224731445
0.7530919909477234,1.185686469078064
0.7914180159568787,1.1656630039215088
0.816021740436554,1.1206166744232178
0.8148784041404724,1.0877349376678467
0.8299866318702698,1.0610190629959106
0.8400131464004517,1.0243651866912842
0.8912246823310852,0.9774733781814575
0.9261159300804138,0.950664758682251
0.9888990521430969,0.8950666189193726
1.048629641532898,0.8535792827606201
1.1005775928497314,0.826022744178772
1.1551644802093506,0.7849714756011963
1.1634438037872314,0.7790910601615906
1.1748170852661133,0.760017454624176
1.163934350013733,0.7632186412811279
1.1249715089797974,0.745384931564331
1.0956010818481445,0.7513366937637329
1.0487337112426758,0.77376389503479
1.0093731880187988,0.7882140874862671
0.9444358944892883,0.8826626539230347
0.8965049982070923,0.9124252796173096
0.8634504079818726,0.9452979564666748
0.8284118175506592,0.9979389905929565
0.793720006942749,1.0580790042877197
0.7972279191017151,1.111730933189392
0.7787144184112549,1.1533572673797607
0.7592556476593018,1.2024428844451904
0.7404621839523315,1.2554223537445068
0.6982281804084778,1.303938388824463
0.66826331615448,1.308124303817749
0.6264591217041016,1.3675343990325928
0.6048136949539185,1.3746187686920166
0.5805749893188477,1.4219286441802979
0.5749118328094482,1.4159386157989502
0.5692690014839172,1.427396535873413
0.5917796492576599,1.3995248079299927
0.6309664249420166,1.4095234870910645
0.665465235710144,1.3925570249557495
0.7027852535247803,1.3561173677444458
0.7295308709144592,1.3409146070480347
0.7583045363426208,1.3338261842727661
0.790232241153717,1.2788567543029785
0.795738697052002,1.2586426734924316
0.8045617938041687,1.213153600692749
0.8106836676597595,1.1785221099853516
0.822547972202301,1.141661286354065
0.8459030389785767,1.1439275741577148
0.8556771278381348,1.129957914352417
0.88008052110672,1.122377634048462
0.9046012163162231,1.079182505607605
0.9108439683914185,1.0791133642196655
0.9052616357803345,1.0683774948120117
0.8977866172790527,1.0812993049621582
0.8890630006790161,1.055336594581604
0.9058133363723755,1.0823506116867065
0.8844031095504761,1.0726463794708252
0.8880114555358887,1.079293966293335
0.8714843988418579,1.086381435394287
0.8644329905509949,1.1021896600723267
0.8423338532447815,1.124812126159668
0.8183528184890747,1.1523358821868896
0.7941640019416809,1.2002488374710083
0.7481746077537537,1.2341294288635254
0.7102758288383484,1.3084508180618286
0.6707954406738281,1.3848626613616943
0.6455169916152954,1.4383772611618042
0.6351252794265747,1.486222505569458
0.638251781463623,1.504711389541626
0.6597002148628235,1.5564076900482178
0.6699369549751282,1.5795745849609375
0.6758366823196411,1.5801670551300049
0.690688967704773,1.5934767723083496
0.6830434799194336,1.5945619344711304
0.6739358305931091,1.5945258140563965
0.6552385091781616,1.5829601287841797
0.6477404236793518,1.5870000123977661
0.6431810855865479,1.5636006593704224
0.6395236253738403,1.569624662399292
0.6557244062423706,1.5266762971878052
0.6775266528129578,1.5554382801055908
